0 0.206607 0.544630 0.021515 0.022451
0 0.809007 0.851562 0.032586 0.034261
0 0.493497 0.669781 0.016370 0.022451
0 0.175035 0.476809 0.020112 0.028999
0 0.424414 0.908204 0.021983 0.015435
0 0.626097 0.632597 0.024322 0.023854
0 0.039395 0.543928 0.018241 0.021983
0 0.338505 0.612450 0.014032 0.014967
0 0.326500 0.739504 0.035843 0.026750
0 0.098329 0.144012 0.018241 0.017774
0 0.552431 0.658322 0.027596 0.019177
0 0.554769 0.702756 0.014499 0.026660
0 0.432833 0.896043 0.017306 0.028531
0 0.442422 0.891599 0.010290 0.014967
0 0.070815 0.945300 0.017306 0.015903
0 0.029821 0.861435 0.007912 0.017977
0 0.037353 0.862511 0.007533 0.017851
0 0.851563 0.030305 0.014711 0.013030
0 0.937520 0.013387 0.008827 0.018284
0 0.948343 0.014122 0.013240 0.018074
0 0.992192 0.113947 0.015617 0.014501
0 0.305486 0.913325 0.014501 0.014501
0 0.055877 0.685105 0.013711 0.019995
0 0.081870 0.476588 0.015425 0.021137
0 0.040453 0.814215 0.012568 0.018852
