0 0.113690 0.146819 0.023200 0.026623
0 0.511580 0.474268 0.038564 0.031647
0 0.054054 0.210149 0.030655 0.022180
0 0.259450 0.395560 0.032031 0.039402
0 0.487193 0.422409 0.034255 0.036854
0 0.192859 0.254935 0.039373 0.054040
0 0.420827 0.448728 0.031097 0.031889
0 0.259729 0.325208 0.036056 0.025507
0 0.884726 0.635686 0.030053 0.029423
0 0.583446 0.601904 0.021488 0.046019
0 0.750174 0.509734 0.024151 0.027383
0 0.829091 0.536643 0.044688 0.044308
0 0.154943 0.300598 0.021679 0.024721
0 0.045726 0.338536 0.030616 0.026052
0 0.089368 0.349185 0.029665 0.023010
0 0.120757 0.331588 0.022059 0.023960
0 0.047530 0.249090 0.030046 0.014072
0 0.132516 0.263215 0.023960 0.024151
0 0.106191 0.218303 0.026439 0.025669
0 0.068329 0.277728 0.033883 0.021819
0 0.086554 0.312895 0.020535 0.021305
0 0.076158 0.607427 0.017712 0.026696
0 0.428482 0.977925 0.030033 0.024899
0 0.775572 0.850416 0.039017 0.043381
0 0.923450 0.613543 0.029263 0.025413
0 0.976072 0.567595 0.024643 0.026439
0 0.987495 0.609307 0.016685 0.026183
0 0.957847 0.676577 0.023102 0.021562
0 0.919343 0.713541 0.021049 0.023102
0 0.914594 0.809534 0.024386 0.019765
0 0.960028 0.816465 0.020792 0.020792
0 0.796143 0.784635 0.018739 0.023359
