0 0.772752 0.105530 0.041703 0.090168
0 0.153475 0.603671 0.087019 0.110309
0 0.736477 0.946751 0.063162 0.073257
0 0.916073 0.963096 0.071791 0.070159
0 0.778415 0.276453 0.063412 0.057128
0 0.304270 0.610699 0.071973 0.085635
0 0.567209 0.510791 0.093884 0.098987
0 0.454651 0.478352 0.205435 0.133848
0 0.899772 0.026928 0.049678 0.053856
0 0.329738 0.850877 0.087432 0.074777
0 0.334380 0.557844 0.084549 0.054843
0 0.808172 0.115195 0.030278 0.071981
0 0.540657 0.164243 0.091438 0.093341
0 0.543112 0.097723 0.060336 0.065481
0 0.945893 0.024858 0.040692 0.044902
