0 0.593782 0.139113 0.034456 0.036613
0 0.059118 0.043444 0.024369 0.044129
0 0.723610 0.106887 0.023610 0.031206
0 0.480801 0.062490 0.030155 0.047211
0 0.907232 0.335164 0.030524 0.029107
0 0.655635 0.446474 0.043601 0.026342
0 0.708585 0.068956 0.032667 0.025933
0 0.189699 0.263861 0.031935 0.034030
0 0.041659 0.924995 0.028556 0.042930
0 0.496733 0.176030 0.019242 0.047067
0 0.818130 0.189213 0.032968 0.036312
0 0.068878 0.359451 0.026544 0.045070
0 0.179894 0.638776 0.029003 0.035475
0 0.425491 0.411261 0.033579 0.032581
0 0.332191 0.484032 0.040496 0.044907
0 0.935619 0.604276 0.033893 0.028985
0 0.411325 0.890111 0.031795 0.029899
0 0.918224 0.245659 0.033852 0.058273
0 0.339743 0.120387 0.031853 0.038117
0 0.735260 0.066177 0.024141 0.028085
0 0.249149 0.605784 0.032266 0.040951
0 0.130739 0.850266 0.024539 0.035546
0 0.203556 0.438554 0.036983 0.035776
0 0.767590 0.152379 0.022276 0.035088
0 0.554745 0.659465 0.027698 0.038224
0 0.169504 0.566906 0.047498 0.037191
0 0.399751 0.722159 0.034563 0.032713
0 0.008974 0.145870 0.017947 0.024119
0 0.430433 0.603740 0.029775 0.036071
0 0.311125 0.971741 0.030312 0.031253
0 0.603966 0.006446 0.022254 0.012891
0 0.380094 0.308738 0.041745 0.036320
0 0.346867 0.927275 0.028145 0.030112
0 0.105352 0.189357 0.033551 0.033446
0 0.146554 0.822564 0.032057 0.045390
0 0.091423 0.164880 0.044823 0.024681
0 0.201278 0.160958 0.019858 0.043404
0 0.216172 0.129610 0.024681 0.030071
0 0.268938 0.206916 0.017305 0.035461
0 0.298867 0.174291 0.031206 0.028085
0 0.516851 0.157178 0.022695 0.047943
0 0.476850 0.294434 0.031206 0.030071
0 0.658890 0.201667 0.031206 0.036880
0 0.687827 0.164504 0.060710 0.046525
0 0.791770 0.147071 0.024950 0.047404
0 0.607496 0.495438 0.034610 0.037731
0 0.374456 0.845486 0.039149 0.034043
0 0.420879 0.932353 0.024603 0.023147
0 0.379846 0.987703 0.020426 0.024595
0 0.405520 0.986611 0.024114 0.025248
0 0.656097 0.697878 0.036764 0.031898
0 0.268747 0.896371 0.037220 0.018225
0 0.283507 0.907665 0.029776 0.018225
0 0.411914 0.916800 0.026183 0.017198
0 0.825619 0.719189 0.033627 0.029520
