0 0.287190 0.659365 0.054613 0.048019
0 0.271253 0.514420 0.036722 0.026614
0 0.776704 0.212148 0.032388 0.042205
0 0.480420 0.188777 0.047245 0.037438
0 0.236023 0.940135 0.028063 0.043568
0 0.761330 0.550960 0.037453 0.043489
0 0.829142 0.061163 0.024677 0.045872
0 0.595420 0.432370 0.068121 0.039125
0 0.955544 0.141152 0.037985 0.036807
0 0.720587 0.723257 0.043568 0.044400
0 0.947513 0.978676 0.040411 0.031773
0 0.682156 0.203487 0.035431 0.028968
0 0.785803 0.953853 0.032158 0.028163
0 0.842063 0.563694 0.042019 0.034785
0 0.332851 0.729546 0.102861 0.072027
0 0.414263 0.419594 0.045815 0.036568
0 0.538550 0.362955 0.033836 0.025009
0 0.575854 0.372623 0.029423 0.032995
0 0.744316 0.588412 0.033930 0.030075
0 0.574970 0.888807 0.027421 0.027421
