0 0.319067 0.829287 0.019453 0.023627
0 0.474094 0.327863 0.020493 0.020840
0 0.200972 0.674171 0.019133 0.019438
0 0.918807 0.831606 0.020054 0.022937
0 0.829652 0.135221 0.021111 0.022244
0 0.151676 0.795255 0.021499 0.021240
0 0.718347 0.510583 0.020649 0.020627
0 0.858766 0.448102 0.030052 0.032432
0 0.131169 0.689107 0.017147 0.018659
0 0.440790 0.334914 0.016361 0.018926
0 0.629986 0.070004 0.017913 0.019217
0 0.570086 0.235031 0.015523 0.016823
0 0.313341 0.440690 0.015381 0.018904
0 0.849666 0.018317 0.017950 0.019805
0 0.393102 0.404474 0.018773 0.018803
0 0.018497 0.402211 0.012237 0.019630
0 0.021429 0.802079 0.011472 0.011090
0 0.103164 0.988790 0.025876 0.021797
0 0.195519 0.356345 0.016115 0.017355
0 0.257190 0.556405 0.020454 0.013946
0 0.314523 0.647053 0.015495 0.022313
0 0.152097 0.379022 0.012396 0.014256
0 0.223996 0.856845 0.013636 0.015805
0 0.136757 0.938350 0.012706 0.017045
0 0.283025 0.841144 0.016115 0.014256
0 0.305958 0.850131 0.012396 0.013016
0 0.529114 0.034483 0.011467 0.021074
0 0.538733 0.259565 0.017355 0.017355
0 0.503520 0.383377 0.007128 0.014256
0 0.526918 0.425679 0.016115 0.015185
0 0.532186 0.453261 0.011776 0.015805
0 0.643598 0.514002 0.009607 0.017045
0 0.575263 0.322945 0.006198 0.015495
0 0.610128 0.621788 0.015185 0.015185
0 0.536060 0.604743 0.014566 0.014566
0 0.543498 0.610631 0.011467 0.010847
0 0.720428 0.197696 0.012086 0.017355
0 0.732979 0.199245 0.009297 0.013636
0 0.741811 0.236124 0.012086 0.016735
0 0.772337 0.260607 0.014876 0.016735
0 0.776211 0.010915 0.010847 0.018594
0 0.721357 0.089631 0.010227 0.014876
0 0.293815 0.360723 0.017654 0.010298
0 0.477087 0.197146 0.009247 0.015552
0 0.418557 0.236656 0.008617 0.013030
0 0.445352 0.283627 0.014711 0.010298
0 0.438837 0.294451 0.013871 0.012610
0 0.337224 0.544397 0.013661 0.011139
0 0.582772 0.558788 0.013450 0.012610
0 0.593280 0.472726 0.008406 0.013661
0 0.622493 0.324078 0.015552 0.008196
0 0.636259 0.324709 0.009037 0.011979
0 0.638675 0.353291 0.010088 0.013240
0 0.661268 0.719635 0.008617 0.017233
0 0.733842 0.375594 0.015762 0.013450
0 0.675417 0.199274 0.010298 0.017233
0 0.667956 0.128170 0.011349 0.010088
0 0.674156 0.086067 0.009878 0.015132
0 0.713667 0.312669 0.009037 0.014711
0 0.760843 0.383013 0.011349 0.013450
0 0.771876 0.412226 0.011139 0.016393
0 0.856976 0.888916 0.010298 0.012400
0 0.917713 0.791926 0.011979 0.013030
0 0.948187 0.843416 0.010298 0.011349
0 0.977218 0.762385 0.014922 0.011139
0 0.873713 0.285364 0.010088 0.013871
