0 0.177684 0.827541 0.034361 0.031469
0 0.349150 0.267122 0.040677 0.026656
0 0.861821 0.266386 0.042177 0.036245
0 0.860721 0.833460 0.033604 0.033143
0 0.745979 0.402158 0.043748 0.031035
0 0.209753 0.558450 0.024979 0.046196
0 0.450027 0.488967 0.040521 0.029902
0 0.108132 0.034684 0.033091 0.033275
0 0.613693 0.149006 0.035681 0.028824
0 0.363953 0.431107 0.028494 0.041932
0 0.327700 0.158853 0.036738 0.030794
0 0.616120 0.667760 0.031013 0.039263
0 0.287524 0.401102 0.035550 0.026547
0 0.059287 0.638421 0.033820 0.026271
0 0.448741 0.623412 0.017388 0.051134
0 0.322502 0.532426 0.030676 0.036292
0 0.628902 0.514073 0.035317 0.029123
0 0.145970 0.090863 0.021688 0.042193
0 0.927975 0.235835 0.030775 0.032850
0 0.690605 0.760129 0.030715 0.029960
0 0.199049 0.313126 0.040657 0.026713
0 0.713559 0.297905 0.019916 0.045262
0 0.404380 0.189261 0.036551 0.022451
0 0.120140 0.222092 0.052010 0.038996
0 0.344604 0.487033 0.045678 0.030107
0 0.468808 0.346821 0.043146 0.028000
0 0.617231 0.218507 0.035445 0.026067
0 0.022431 0.403805 0.020414 0.050750
0 0.285268 0.701830 0.018361 0.043839
0 0.225134 0.406982 0.037443 0.025811
0 0.772762 0.694331 0.025599 0.045146
0 0.168362 0.608300 0.041312 0.022812
0 0.775853 0.642012 0.025247 0.028721
0 0.446624 0.031846 0.036867 0.029210
0 0.158527 0.287523 0.038820 0.025143
0 0.418271 0.920488 0.037231 0.038746
0 0.920336 0.727625 0.024350 0.037578
0 0.016083 0.780828 0.032166 0.024399
0 0.443566 0.264692 0.024039 0.035607
0 0.237075 0.683294 0.019355 0.043190
0 0.149242 0.222285 0.031231 0.037625
0 0.615800 0.909454 0.039898 0.022046
0 0.384398 0.943991 0.020504 0.041111
0 0.469221 0.532131 0.036346 0.017293
0 0.007837 0.268191 0.015674 0.039114
0 0.626546 0.940610 0.025309 0.042565
0 0.474116 0.621369 0.035663 0.043716
0 0.333190 0.010426 0.039114 0.020851
