0 0.039517 0.042045 0.038501 0.050478
0 0.549455 0.592043 0.046571 0.045083
0 0.197021 0.167145 0.046008 0.045046
0 0.046508 0.241007 0.040834 0.044682
0 0.371763 0.742906 0.034010 0.036855
0 0.752080 0.368475 0.064186 0.052380
0 0.871975 0.892827 0.044353 0.056617
0 0.092788 0.091222 0.040802 0.042082
0 0.926915 0.551413 0.037537 0.041654
0 0.701574 0.733190 0.043462 0.054108
0 0.803424 0.447586 0.051527 0.045680
0 0.897299 0.458186 0.037009 0.049378
0 0.174119 0.112301 0.044006 0.044862
0 0.229536 0.093485 0.047178 0.039924
0 0.848341 0.427244 0.039698 0.041439
0 0.297596 0.130793 0.039525 0.040998
0 0.719510 0.668779 0.054143 0.048319
0 0.156717 0.715259 0.026872 0.028568
0 0.354775 0.701124 0.028512 0.031945
0 0.090475 0.407244 0.041635 0.047657
0 0.981228 0.678504 0.037544 0.040215
0 0.808639 0.536646 0.037912 0.035346
0 0.102162 0.770650 0.031757 0.036977
0 0.395831 0.705825 0.029194 0.030409
0 0.560157 0.654609 0.044303 0.042645
0 0.659385 0.204086 0.078365 0.081310
0 0.249387 0.320946 0.046910 0.042145
0 0.153917 0.553645 0.030673 0.033512
0 0.103027 0.348202 0.043812 0.045867
0 0.437632 0.695888 0.031635 0.029744
0 0.140975 0.285867 0.047837 0.038380
0 0.116356 0.459505 0.047471 0.043397
0 0.481492 0.387277 0.042701 0.047365
0 0.445483 0.298966 0.041937 0.044317
0 0.576778 0.473152 0.043161 0.041453
0 0.474252 0.441052 0.049993 0.045980
0 0.878342 0.707533 0.050248 0.048134
0 0.888948 0.512286 0.043523 0.042797
0 0.071478 0.741847 0.027917 0.032249
0 0.449134 0.653794 0.036316 0.026778
0 0.726691 0.252422 0.041368 0.045849
0 0.191103 0.410865 0.048504 0.041744
0 0.350306 0.282474 0.049404 0.048573
0 0.866809 0.597041 0.047305 0.040219
0 0.105482 0.212158 0.043813 0.048865
0 0.382403 0.180885 0.042780 0.040307
0 0.286798 0.272465 0.042164 0.041278
0 0.311045 0.712958 0.032125 0.037843
0 0.064189 0.637361 0.031994 0.031257
0 0.788602 0.361053 0.045632 0.041135
0 0.246072 0.142337 0.042799 0.043649
0 0.174403 0.251523 0.055093 0.039154
0 0.140467 0.394564 0.043293 0.034046
0 0.826991 0.388900 0.046796 0.039509
0 0.140342 0.751887 0.028766 0.026187
0 0.208215 0.475519 0.043148 0.043303
0 0.841848 0.492009 0.041886 0.043658
0 0.711431 0.427829 0.044935 0.041881
0 0.495587 0.645762 0.035875 0.025574
0 0.081412 0.701575 0.025849 0.029991
0 0.605335 0.222112 0.032861 0.031843
0 0.183565 0.580474 0.028644 0.031549
0 0.234666 0.706689 0.029143 0.030329
0 0.213494 0.601092 0.030142 0.033523
0 0.239135 0.629853 0.031018 0.029596
0 0.807917 0.590717 0.045236 0.045874
0 0.223629 0.565149 0.029387 0.032603
0 0.726498 0.484635 0.043655 0.045164
0 0.972751 0.727595 0.037918 0.038389
0 0.922358 0.600363 0.039238 0.040941
0 0.123421 0.151700 0.054028 0.039498
0 0.491938 0.601881 0.040446 0.042747
0 0.093154 0.305902 0.038796 0.038417
0 0.583482 0.376000 0.032409 0.037785
0 0.247464 0.048100 0.045423 0.036920
0 0.967614 0.580569 0.037177 0.038280
0 0.757489 0.539486 0.043213 0.044135
0 0.688907 0.297819 0.039922 0.039080
0 0.936904 0.651237 0.044619 0.044939
0 0.317856 0.437262 0.049231 0.045562
0 0.677652 0.509846 0.048025 0.049275
0 0.096680 0.665518 0.032138 0.029218
0 0.042340 0.722278 0.026609 0.028586
0 0.151422 0.339497 0.047694 0.043387
0 0.311847 0.031056 0.049515 0.042395
0 0.652603 0.430231 0.041770 0.028662
0 0.200707 0.654285 0.028255 0.027562
0 0.228663 0.749494 0.034058 0.041725
0 0.193942 0.695805 0.027363 0.028713
0 0.560258 0.523862 0.018536 0.041073
0 0.281764 0.650934 0.032069 0.028252
0 0.493455 0.537126 0.053713 0.046662
0 0.268118 0.736063 0.026994 0.039360
0 0.624288 0.263723 0.034760 0.030993
0 0.065896 0.481260 0.039485 0.027800
0 0.177845 0.619905 0.036093 0.025906
0 0.834478 0.638700 0.032316 0.035349
0 0.696464 0.620536 0.032090 0.038236
0 0.461974 0.252289 0.041098 0.041854
0 0.648088 0.474363 0.033808 0.039518
0 0.406045 0.221045 0.045733 0.040496
0 0.472528 0.153757 0.039425 0.041106
0 0.387482 0.318207 0.053314 0.046244
0 0.319876 0.331188 0.052248 0.044092
0 0.050679 0.677592 0.027810 0.029620
0 0.439781 0.398072 0.047091 0.048181
0 0.317634 0.670825 0.029838 0.031591
0 0.275438 0.696149 0.026300 0.032176
0 0.772259 0.487879 0.024891 0.041741
0 0.769195 0.636268 0.034082 0.039060
0 0.118254 0.625082 0.037880 0.026428
0 0.486443 0.332345 0.042496 0.044662
0 0.143111 0.596791 0.033184 0.029308
0 0.520527 0.486561 0.046882 0.042359
0 0.939305 0.500303 0.033522 0.034563
0 0.496487 0.019157 0.032685 0.037014
0 0.482634 0.080256 0.051210 0.047689
0 0.614316 0.508438 0.045000 0.042743
0 0.173404 0.517913 0.032629 0.034429
0 0.258819 0.597584 0.033090 0.031205
0 0.528242 0.314582 0.038471 0.028395
0 0.366988 0.660907 0.029733 0.031242
0 0.202780 0.357785 0.029213 0.034046
0 0.484825 0.682913 0.037217 0.027134
0 0.338327 0.225627 0.047874 0.044347
0 0.769995 0.401777 0.050210 0.044287
0 0.243511 0.523183 0.028696 0.033740
0 0.464203 0.726290 0.028685 0.039520
0 0.505522 0.710269 0.034293 0.031969
0 0.354501 0.128883 0.050402 0.038388
0 0.405549 0.626017 0.033517 0.029708
0 0.841410 0.817320 0.024956 0.037791
0 0.139589 0.018771 0.048858 0.037542
0 0.286062 0.524457 0.033498 0.033169
0 0.166751 0.462802 0.041874 0.044251
0 0.451015 0.571508 0.052597 0.024891
0 0.521957 0.355982 0.035948 0.030545
0 0.366978 0.370713 0.050407 0.046378
0 0.267942 0.560219 0.035171 0.026835
0 0.855747 0.543123 0.031975 0.035846
0 0.095537 0.588181 0.032392 0.028326
0 0.644508 0.573072 0.048836 0.041358
0 0.409827 0.461707 0.047323 0.041354
0 0.111330 0.551861 0.027737 0.025444
0 0.080629 0.520987 0.032075 0.032195
0 0.184164 0.056564 0.048396 0.040052
0 0.113438 0.729729 0.030347 0.027566
0 0.190341 0.311468 0.032917 0.035689
0 0.927731 0.702826 0.042395 0.040734
0 0.529935 0.056200 0.047474 0.040592
0 0.364968 0.614593 0.032367 0.029853
0 0.409758 0.668854 0.028150 0.037356
0 0.066117 0.439259 0.032341 0.034945
0 0.235129 0.668285 0.032306 0.028909
0 0.968506 0.513823 0.022997 0.055335
0 0.163681 0.208960 0.040918 0.029467
0 0.363191 0.465143 0.034139 0.033437
0 0.058625 0.601834 0.029403 0.030426
0 0.200861 0.535270 0.030824 0.032766
0 0.683940 0.393606 0.040259 0.030673
0 0.694714 0.555984 0.041358 0.038794
0 0.535065 0.150379 0.047170 0.031784
0 0.578233 0.282262 0.046782 0.038728
0 0.635717 0.306964 0.028925 0.037232
0 0.381876 0.421661 0.056602 0.044942
0 0.884627 0.644158 0.036839 0.032561
0 0.026385 0.473357 0.035049 0.037328
0 0.449966 0.489260 0.048981 0.047402
0 0.304994 0.086398 0.040098 0.042146
0 0.423797 0.347720 0.048795 0.042295
0 0.110853 0.501360 0.031184 0.032647
0 0.012947 0.694755 0.025895 0.025330
0 0.428587 0.528663 0.051557 0.048968
0 0.606456 0.618506 0.050737 0.049087
0 0.678758 0.338414 0.041756 0.040460
0 0.025058 0.761587 0.034568 0.025300
0 0.208636 0.015543 0.033887 0.031085
0 0.578033 0.324888 0.035519 0.032262
0 0.321564 0.625031 0.036105 0.026146
0 0.285568 0.186789 0.039351 0.041318
0 0.135747 0.525552 0.031947 0.034885
0 0.383392 0.081436 0.036419 0.033966
0 0.170917 0.776976 0.030447 0.032052
0 0.651833 0.649604 0.058145 0.047212
0 0.273922 0.464612 0.043312 0.027683
0 0.736263 0.589550 0.048633 0.027572
0 0.309648 0.486077 0.045300 0.027490
0 0.461139 0.206045 0.040459 0.039877
0 0.049602 0.365871 0.041565 0.044491
0 0.505911 0.235806 0.039454 0.032894
0 0.026975 0.579337 0.032004 0.034471
0 0.599882 0.431484 0.037688 0.034980
0 0.327642 0.169826 0.041544 0.039997
0 0.434788 0.075304 0.035126 0.034148
0 0.261251 0.230975 0.038736 0.031470
0 0.430055 0.118236 0.045360 0.041485
0 0.425920 0.166644 0.040063 0.038067
0 0.537529 0.443943 0.046838 0.021697
0 0.327712 0.586873 0.037169 0.024226
0 0.360100 0.548771 0.047749 0.045376
0 0.245654 0.427004 0.047442 0.028112
0 0.144565 0.651970 0.029285 0.028593
0 0.011352 0.417562 0.022705 0.042910
0 0.031508 0.326162 0.041975 0.029423
0 0.554050 0.234454 0.036196 0.033131
0 0.395986 0.575467 0.029832 0.031812
0 0.053504 0.292767 0.034481 0.030717
0 0.019714 0.652324 0.027388 0.027774
0 0.185833 0.739808 0.028737 0.032822
0 0.303281 0.381919 0.046336 0.037528
0 0.625252 0.394936 0.039872 0.029206
0 0.016035 0.613914 0.023215 0.031878
0 0.004293 0.521745 0.008585 0.025641
0 0.027643 0.500089 0.033957 0.026680
0 0.031454 0.535951 0.033957 0.028413
0 0.063506 0.555182 0.031531 0.025294
0 0.003437 0.738190 0.006875 0.019057
0 0.035634 0.424998 0.019404 0.030492
0 0.011927 0.378047 0.023853 0.027373
0 0.012793 0.294892 0.025586 0.027027
0 0.003611 0.233687 0.007221 0.027720
0 0.244049 0.180491 0.023908 0.044005
0 0.261541 0.010334 0.026423 0.020667
0 0.252345 0.377782 0.036379 0.037528
0 0.305004 0.552017 0.039826 0.024125
0 0.341767 0.523871 0.022211 0.032933
0 0.284517 0.609075 0.029486 0.047102
0 0.383742 0.497103 0.028338 0.035231
0 0.450316 0.606356 0.024125 0.037145
0 0.546587 0.423712 0.045570 0.027189
0 0.543524 0.393269 0.041741 0.026806
0 0.500060 0.279976 0.035996 0.028338
0 0.516335 0.193551 0.038677 0.027955
0 0.546396 0.177951 0.045187 0.033316
0 0.499294 0.113042 0.035996 0.026806
0 0.735367 0.723368 0.021062 0.045953
0 0.872843 0.807998 0.029486 0.035231
0 0.995746 0.616714 0.008508 0.052463
0 0.990152 0.511238 0.019530 0.033316
0 0.765175 0.274098 0.036762 0.027572
0 0.671546 0.243845 0.036379 0.042123
0 0.229492 0.270508 0.035156 0.025391
0 0.375932 0.005966 0.025009 0.011932
0 0.404297 0.032227 0.039062 0.021484
0 0.584132 0.551754 0.037199 0.032785
