0 0.599361 0.389980 0.081810 0.108632
0 0.290701 0.232403 0.059278 0.059280
0 0.852634 0.626102 0.054602 0.060777
0 0.189480 0.608873 0.133634 0.068708
0 0.777732 0.720837 0.058116 0.064936
0 0.512751 0.282946 0.058134 0.050885
0 0.951202 0.536323 0.053516 0.037666
0 0.932991 0.429397 0.059752 0.054648
0 0.778011 0.794992 0.027932 0.041898
0 0.057094 0.727002 0.062796 0.059825
0 0.813665 0.471443 0.061583 0.026919
0 0.466610 0.144924 0.062247 0.055853
0 0.875190 0.077556 0.061814 0.048987
0 0.423105 0.843310 0.055482 0.053196
0 0.804462 0.861288 0.053748 0.039359
0 0.748794 0.159171 0.040302 0.054282
0 0.982749 0.148754 0.034502 0.054675
0 0.527525 0.867347 0.055391 0.036391
0 0.987403 0.311545 0.025193 0.063636
0 0.734420 0.041997 0.024546 0.029202
0 0.814408 0.224387 0.025393 0.031741
0 0.984117 0.320298 0.025393 0.027509
0 0.821179 0.502889 0.047400 0.031741
