0 0.384413 0.116619 0.027376 0.030990
0 0.523931 0.196222 0.032139 0.030938
0 0.300052 0.440521 0.043267 0.053385
0 0.715781 0.024060 0.040263 0.027308
0 0.101487 0.629216 0.027484 0.028008
0 0.137043 0.435577 0.031061 0.058671
0 0.208369 0.412568 0.028760 0.044866
0 0.250360 0.489071 0.023008 0.039114
0 0.453983 0.503451 0.032212 0.040265
0 0.547742 0.705925 0.026460 0.040265
0 0.273368 0.249209 0.018407 0.042565
0 0.378631 0.305004 0.028760 0.041415
0 0.443630 0.416595 0.018407 0.046017
0 0.501150 0.336066 0.020708 0.039114
0 0.588007 0.073770 0.028760 0.052919
0 0.338366 0.435577 0.047167 0.035663
0 0.444585 0.216416 0.017968 0.042611
0 0.443995 0.020677 0.025119 0.041354
0 0.622971 0.036121 0.024422 0.036981
