0 0.554354 0.730605 0.029498 0.031517
0 0.644971 0.305636 0.018313 0.017962
0 0.979301 0.542924 0.019069 0.019070
0 0.513649 0.416359 0.023683 0.019055
0 0.865937 0.216379 0.017851 0.023267
0 0.794710 0.994976 0.020570 0.008462
0 0.609910 0.365032 0.021176 0.019141
0 0.816195 0.413875 0.019632 0.023146
0 0.975896 0.788202 0.018703 0.022043
0 0.910299 0.184891 0.017326 0.021242
0 0.688311 0.867458 0.013050 0.024681
0 0.415684 0.982608 0.018702 0.022957
0 0.499003 0.725935 0.022180 0.017706
0 0.670442 0.763812 0.019077 0.019394
0 0.558471 0.461288 0.020067 0.028932
0 0.604841 0.894445 0.020322 0.009747
0 0.193162 0.705717 0.014647 0.020993
0 0.966522 0.319160 0.022760 0.016166
0 0.378206 0.440195 0.019834 0.022411
0 0.709076 0.243350 0.019546 0.016274
0 0.766169 0.501730 0.016732 0.017531
0 0.315634 0.179368 0.023889 0.020680
0 0.556612 0.704934 0.018554 0.020912
0 0.935815 0.188861 0.012709 0.024464
0 0.006382 0.927257 0.009929 0.016738
0 0.033616 0.821167 0.017872 0.013901
0 0.036311 0.538652 0.011915 0.020142
0 0.108794 0.720341 0.011064 0.015887
0 0.143528 0.135182 0.010213 0.013050
0 0.153741 0.031919 0.013050 0.015319
0 0.151329 0.039720 0.009362 0.013333
0 0.163386 0.197937 0.007376 0.013050
0 0.280795 0.784845 0.010497 0.018440
0 0.306185 0.746688 0.009078 0.018156
0 0.324341 0.911863 0.011915 0.015603
0 0.390866 0.905480 0.014468 0.013617
0 0.259660 0.872005 0.011915 0.020993
0 0.389480 0.803763 0.010780 0.016738
0 0.431891 0.789295 0.011631 0.018440
0 0.350047 0.636198 0.018156 0.014184
0 0.373026 0.600454 0.016454 0.011915
0 0.418700 0.705419 0.014752 0.017589
0 0.272174 0.179186 0.016170 0.017872
0 0.314444 0.162022 0.016738 0.010780
0 0.773850 0.957778 0.011915 0.019858
0 0.922511 0.479875 0.015603 0.013617
0 0.868184 0.339449 0.009078 0.018156
0 0.992185 0.423963 0.015631 0.022128
0 0.993461 0.669121 0.013078 0.020709
0 0.992326 0.703447 0.015347 0.021277
0 0.319107 0.449319 0.017968 0.022589
0 0.370061 0.484486 0.016685 0.013348
0 0.208089 0.830918 0.012610 0.015552
0 0.234359 0.620422 0.011349 0.011559
0 0.361491 0.804188 0.008406 0.014081
0 0.560925 0.812085 0.012610 0.011559
0 0.624504 0.965101 0.007986 0.015972
0 0.647036 0.351257 0.010298 0.013871
0 0.648297 0.330766 0.009457 0.017443
0 0.980243 0.134595 0.012610 0.010718
