0 0.462030 0.661242 0.025121 0.034233
0 0.324781 0.380211 0.036012 0.030641
0 0.349604 0.821581 0.028493 0.024486
0 0.151055 0.961276 0.027036 0.026042
0 0.544325 0.821080 0.024012 0.019798
0 0.256107 0.025560 0.026404 0.024838
0 0.454614 0.424898 0.033805 0.024222
0 0.406147 0.772696 0.033030 0.024340
0 0.394264 0.537472 0.031310 0.027389
0 0.749086 0.954073 0.024335 0.018541
0 0.383574 0.225269 0.032639 0.023841
0 0.474169 0.339653 0.033932 0.024757
0 0.389594 0.584551 0.027194 0.025709
0 0.556744 0.889200 0.032213 0.023324
0 0.227545 0.075563 0.025488 0.026089
0 0.384540 0.272790 0.028903 0.023098
0 0.668578 0.597622 0.030887 0.022265
0 0.135643 0.106816 0.032102 0.024668
0 0.548374 0.571170 0.032350 0.019769
0 0.276009 0.172826 0.022104 0.020801
0 0.476211 0.653000 0.027189 0.022822
