0 0.596351 0.501057 0.043209 0.031370
0 0.415250 0.302514 0.038162 0.033512
0 0.762061 0.659859 0.033437 0.029562
0 0.183057 0.044073 0.030142 0.033084
0 0.453448 0.260315 0.035675 0.030466
0 0.969156 0.730065 0.041287 0.033347
0 0.809867 0.440662 0.040060 0.032448
0 0.452482 0.164534 0.040127 0.026912
0 0.061665 0.599828 0.035703 0.031761
0 0.770848 0.611924 0.035798 0.031623
0 0.969494 0.503965 0.036518 0.044501
0 0.624466 0.983181 0.039946 0.026129
0 0.594592 0.802494 0.034717 0.029847
0 0.964677 0.861616 0.033920 0.032242
0 0.109660 0.440384 0.040071 0.035507
0 0.240177 0.874804 0.035486 0.034090
0 0.784320 0.084360 0.036188 0.026399
0 0.388576 0.046500 0.038896 0.025643
0 0.360431 0.325740 0.038173 0.028015
0 0.225453 0.729419 0.037142 0.030670
0 0.369590 0.934492 0.037142 0.027859
0 0.147122 0.959995 0.036424 0.026312
0 0.048532 0.953556 0.039093 0.027146
0 0.130444 0.116683 0.035155 0.026645
0 0.415400 0.194883 0.032417 0.030513
0 0.984672 0.896837 0.030656 0.030097
0 0.315040 0.515818 0.033538 0.028332
0 0.487885 0.235439 0.038979 0.030119
0 0.965151 0.930849 0.034848 0.028406
0 0.183672 0.518863 0.033345 0.029466
0 0.736316 0.342392 0.039745 0.027196
0 0.190104 0.944790 0.030016 0.031517
0 0.464553 0.043855 0.036805 0.027458
0 0.799880 0.646881 0.033527 0.027006
0 0.450866 0.876576 0.040949 0.026033
0 0.403896 0.904850 0.034466 0.029652
0 0.828681 0.089576 0.034584 0.029318
0 0.712136 0.644740 0.039366 0.028589
0 0.362715 0.866342 0.033522 0.029819
0 0.761751 0.741506 0.037860 0.028735
0 0.431117 0.121604 0.039189 0.027219
0 0.200395 0.898384 0.039596 0.027909
0 0.649994 0.558376 0.042760 0.038625
0 0.400288 0.970071 0.039902 0.027753
0 0.128277 0.482004 0.041320 0.033408
0 0.345671 0.581867 0.032662 0.031296
0 0.404757 0.386509 0.037622 0.026088
0 0.595411 0.557218 0.034666 0.031607
0 0.389635 0.780043 0.033323 0.030439
0 0.465798 0.329559 0.045680 0.033687
0 0.229892 0.959042 0.034508 0.027828
0 0.398938 0.224889 0.039849 0.026634
0 0.069755 0.695961 0.037142 0.033279
0 0.103013 0.899717 0.036571 0.026115
0 0.265862 0.542244 0.032137 0.029809
0 0.884349 0.795004 0.036264 0.032205
0 0.073728 0.868406 0.035373 0.030515
0 0.349092 0.375878 0.037086 0.027274
0 0.294900 0.959082 0.038640 0.027574
0 0.689935 0.492332 0.063118 0.038355
0 0.569607 0.754229 0.037780 0.028312
0 0.444272 0.606267 0.036695 0.028660
0 0.504179 0.060980 0.033244 0.025639
0 0.267737 0.838912 0.035373 0.030965
0 0.207673 0.355769 0.033383 0.025932
0 0.796750 0.201126 0.038042 0.028142
0 0.930549 0.958989 0.037497 0.028169
0 0.173497 0.774524 0.039690 0.028249
0 0.792032 0.926384 0.039568 0.026911
0 0.363348 0.018481 0.036841 0.027766
0 0.281034 0.219022 0.040915 0.026814
0 0.019388 0.880201 0.034351 0.032962
0 0.871282 0.125662 0.028415 0.031392
0 0.591044 0.397891 0.045627 0.037206
0 0.201475 0.426737 0.032935 0.028423
0 0.334209 0.903641 0.039275 0.028372
0 0.071833 0.556682 0.038503 0.033313
0 0.584836 0.146937 0.035458 0.025548
0 0.479306 0.441600 0.042905 0.026871
0 0.723501 0.575645 0.034781 0.035171
0 0.617842 0.178733 0.036215 0.028172
0 0.222079 0.523694 0.031642 0.029253
0 0.144316 0.923731 0.036218 0.026049
0 0.428307 0.944478 0.034777 0.027402
0 0.475127 0.539508 0.033286 0.034683
0 0.586554 0.715227 0.042431 0.028508
0 0.935794 0.147148 0.027237 0.024043
0 0.335279 0.637326 0.044570 0.035494
0 0.314774 0.840865 0.034719 0.032218
0 0.123828 0.786602 0.037490 0.028550
0 0.235510 0.810405 0.038244 0.030801
0 0.596322 0.650170 0.033351 0.032078
0 0.467198 0.946562 0.033472 0.030629
0 0.204554 0.311020 0.036569 0.025729
0 0.028013 0.566176 0.033883 0.029279
0 0.855380 0.925545 0.039346 0.029148
0 0.773674 0.789819 0.038162 0.030711
0 0.771473 0.969527 0.037834 0.027217
0 0.337917 0.961157 0.035937 0.026282
0 0.644179 0.074575 0.037518 0.026301
0 0.553207 0.246280 0.036028 0.031226
0 0.923823 0.820970 0.033597 0.025512
0 0.275031 0.445699 0.039044 0.026322
0 0.673164 0.614652 0.037910 0.028822
0 0.624768 0.944703 0.034448 0.029894
0 0.450356 0.914917 0.032191 0.029672
0 0.802123 0.048689 0.040699 0.026507
0 0.580324 0.595551 0.038024 0.032558
0 0.013386 0.456172 0.026772 0.032546
0 0.087689 0.935855 0.036665 0.026404
0 0.354518 0.255562 0.036097 0.028276
0 0.613284 0.325799 0.035516 0.027457
0 0.041846 0.044963 0.032537 0.032777
0 0.556937 0.661347 0.032783 0.031433
0 0.029093 0.640732 0.030919 0.029253
0 0.216069 0.679657 0.036028 0.030266
0 0.309284 0.711431 0.034496 0.028979
0 0.142505 0.519011 0.033571 0.030428
0 0.318409 0.341167 0.037939 0.027824
0 0.841758 0.843905 0.036270 0.030752
0 0.243559 0.921141 0.035950 0.024578
0 0.174568 0.733498 0.035808 0.030200
0 0.705179 0.745156 0.037249 0.031171
0 0.395171 0.590620 0.041959 0.034907
0 0.578951 0.961241 0.037563 0.028358
0 0.678628 0.785749 0.034689 0.031795
0 0.900281 0.744181 0.039960 0.029267
0 0.877293 0.960946 0.036883 0.027349
0 0.390156 0.831076 0.037842 0.029170
0 0.388574 0.493453 0.038135 0.033726
0 0.404503 0.634530 0.038591 0.029608
0 0.468318 0.091077 0.040727 0.026672
0 0.660273 0.860445 0.038705 0.030743
0 0.653963 0.749979 0.036916 0.030129
0 0.174656 0.659530 0.038049 0.032483
0 0.614803 0.766174 0.034707 0.029019
0 0.015755 0.199681 0.030828 0.025741
0 0.249989 0.629282 0.037128 0.034538
0 0.105097 0.065496 0.035247 0.030547
0 0.037846 0.669893 0.037502 0.031010
0 0.503862 0.023625 0.033737 0.028231
0 0.080403 0.175225 0.037360 0.027319
0 0.276039 0.741938 0.035881 0.031310
0 0.820230 0.805551 0.037616 0.027806
0 0.128920 0.027831 0.035490 0.031427
0 0.806073 0.755716 0.038464 0.032794
0 0.314294 0.300652 0.039487 0.028013
0 0.744705 0.710327 0.038400 0.028929
0 0.344752 0.815655 0.038414 0.027639
0 0.458796 0.836613 0.040699 0.030336
0 0.285275 0.401629 0.036258 0.030602
0 0.551863 0.069266 0.034953 0.025813
0 0.103525 0.834050 0.036693 0.027888
0 0.019959 0.081208 0.033355 0.029008
0 0.139959 0.873939 0.039063 0.027011
0 0.824776 0.156800 0.029286 0.024726
0 0.287830 0.915241 0.035531 0.026619
0 0.156029 0.821804 0.034717 0.029379
0 0.514906 0.134848 0.037387 0.028435
0 0.163722 0.453586 0.036223 0.027535
0 0.689771 0.355120 0.040438 0.027165
0 0.209621 0.140313 0.035090 0.032363
0 0.059192 0.105847 0.037172 0.028131
0 0.015527 0.514796 0.031055 0.029515
0 0.785157 0.835231 0.034311 0.032173
0 0.968802 0.090318 0.017246 0.017047
0 0.202424 0.620643 0.033938 0.028532
0 0.500802 0.610722 0.034430 0.032768
0 0.276268 0.356806 0.035367 0.027651
0 0.824410 0.958821 0.034858 0.027457
0 0.404609 0.862942 0.037297 0.028899
0 0.360721 0.741381 0.034991 0.025904
0 0.533939 0.870139 0.038964 0.033147
0 0.648517 0.154523 0.033168 0.025137
0 0.611559 0.845936 0.033739 0.029698
0 0.102426 0.227696 0.049087 0.077668
0 0.078828 0.650210 0.036253 0.030964
0 0.180086 0.276465 0.038897 0.027105
0 0.384876 0.164924 0.033999 0.030915
0 0.745437 0.901234 0.035085 0.030653
0 0.245502 0.330947 0.035428 0.025912
0 0.260338 0.094314 0.032874 0.031578
0 0.120240 0.553621 0.031757 0.028990
0 0.544974 0.624292 0.034113 0.029807
0 0.404190 0.090447 0.033776 0.029377
0 0.156237 0.155140 0.031181 0.027449
0 0.334433 0.775159 0.035364 0.027307
0 0.050131 0.830899 0.039557 0.030604
0 0.660172 0.650275 0.033770 0.031276
0 0.235951 0.565361 0.032588 0.029239
0 0.630120 0.681434 0.037671 0.029048
0 0.460118 0.985239 0.034644 0.027358
0 0.426686 0.435119 0.038358 0.025705
0 0.359973 0.441257 0.033994 0.029194
0 0.367931 0.081942 0.032195 0.026121
0 0.178492 0.699907 0.035640 0.027206
0 0.891475 0.094078 0.017830 0.017460
0 0.519443 0.676812 0.034138 0.030930
0 0.681941 0.827109 0.039355 0.029984
0 0.383310 0.714952 0.033262 0.028682
0 0.547455 0.035869 0.033702 0.025679
0 0.118983 0.644037 0.035235 0.032746
0 0.235849 0.765231 0.037048 0.031375
0 0.303791 0.795585 0.039159 0.027864
0 0.728828 0.975705 0.031359 0.030349
0 0.211754 0.471597 0.031295 0.028733
0 0.705575 0.861845 0.037715 0.028530
0 0.124867 0.746317 0.039460 0.031518
0 0.188651 0.389998 0.033957 0.025043
0 0.686228 0.089312 0.035082 0.025546
0 0.710271 0.305051 0.039360 0.028146
0 0.478407 0.700555 0.038756 0.029520
0 0.285025 0.490228 0.032376 0.027299
0 0.097940 0.521466 0.037910 0.028964
0 0.007812 0.006836 0.015625 0.013672
0 0.057617 0.070801 0.027344 0.018555
0 0.083984 0.024902 0.023438 0.012695
0 0.022461 0.126465 0.025391 0.016602
0 0.009277 0.117676 0.018555 0.014648
0 0.034180 0.156738 0.017578 0.012695
0 0.068359 0.136719 0.013672 0.011719
0 0.103516 0.145996 0.017578 0.018555
0 0.028320 0.257812 0.021484 0.011719
0 0.023438 0.286133 0.021484 0.011719
0 0.005326 0.236542 0.010652 0.018704
0 0.131836 0.417969 0.021484 0.011719
0 0.104980 0.595703 0.024414 0.013672
0 0.008301 0.730469 0.016602 0.013672
0 0.037598 0.745605 0.022461 0.014648
0 0.072754 0.739746 0.024414 0.018555
0 0.024414 0.791992 0.027344 0.021484
0 0.078125 0.796387 0.025391 0.022461
0 0.057617 0.898438 0.017578 0.023438
0 0.007812 0.919922 0.015625 0.021484
0 0.075684 0.983398 0.030273 0.017578
0 0.151367 0.008301 0.027344 0.016602
0 0.159180 0.007812 0.035156 0.015625
0 0.208984 0.009277 0.027344 0.018555
0 0.216309 0.055176 0.030273 0.022461
0 0.150879 0.074219 0.028320 0.015625
0 0.256836 0.031250 0.025391 0.021484
0 0.290527 0.059570 0.024414 0.015625
0 0.303711 0.029297 0.017578 0.017578
0 0.325195 0.050781 0.023438 0.017578
0 0.282715 0.098145 0.026367 0.016602
0 0.326172 0.090332 0.015625 0.018555
0 0.317871 0.125488 0.022461 0.024414
0 0.247559 0.118652 0.026367 0.018555
0 0.291504 0.150879 0.018555 0.014648
0 0.168457 0.209473 0.024414 0.022461
0 0.262695 0.169922 0.021484 0.017578
0 0.299805 0.181152 0.033203 0.016602
0 0.354492 0.192871 0.027344 0.018555
0 0.277344 0.312012 0.025391 0.018555
0 0.159668 0.314941 0.018555 0.012695
0 0.160156 0.354492 0.023438 0.021484
0 0.161621 0.355957 0.024414 0.022461
0 0.244629 0.371094 0.024414 0.013672
0 0.217285 0.385742 0.016602 0.013672
0 0.143941 0.395274 0.026163 0.010233
0 0.145986 0.384149 0.022481 0.012438
0 0.242676 0.400391 0.018555 0.013672
0 0.167969 0.421875 0.017578 0.013672
0 0.232422 0.443359 0.021484 0.015625
0 0.253906 0.476074 0.021484 0.026367
0 0.249512 0.506836 0.014648 0.015625
0 0.310059 0.468750 0.026367 0.015625
0 0.198242 0.551270 0.015625 0.012695
0 0.166992 0.544922 0.017578 0.013672
0 0.142578 0.573242 0.021484 0.011719
0 0.148438 0.597168 0.033203 0.022461
0 0.176758 0.573730 0.023438 0.012695
0 0.211426 0.593750 0.016602 0.011719
0 0.249023 0.591797 0.015625 0.013672
0 0.283691 0.583008 0.018555 0.013672
0 0.274414 0.611816 0.021484 0.012695
0 0.293457 0.645508 0.016602 0.023438
0 0.281250 0.687500 0.017578 0.015625
0 0.132324 0.706055 0.026367 0.021484
0 0.116699 0.671875 0.028320 0.017578
0 0.247559 0.701172 0.016602 0.021484
0 0.319824 0.679199 0.022461 0.012695
0 0.336914 0.676758 0.013672 0.015625
0 0.271973 0.716797 0.014648 0.011719
0 0.318848 0.747070 0.016602 0.013672
0 0.277344 0.770508 0.025391 0.017578
0 0.202637 0.835449 0.028320 0.022461
0 0.193359 0.980469 0.027344 0.015625
0 0.124512 0.978516 0.018555 0.023438
0 0.163086 0.994629 0.025391 0.008789
0 0.233398 0.992188 0.027344 0.013672
0 0.322266 0.993652 0.027344 0.010742
0 0.502930 0.990234 0.021484 0.017578
0 0.538086 0.973145 0.015625 0.022461
0 0.496094 0.960938 0.017578 0.017578
0 0.501465 0.936523 0.024414 0.017578
0 0.487793 0.905273 0.018555 0.015625
0 0.492676 0.880859 0.018555 0.021484
0 0.534668 0.921875 0.024414 0.013672
0 0.566895 0.911133 0.022461 0.013672
0 0.589844 0.923340 0.023438 0.018555
0 0.655273 0.930664 0.052734 0.080078
0 0.576660 0.869141 0.028320 0.021484
0 0.566895 0.840332 0.024414 0.016602
0 0.541504 0.825195 0.022461 0.023438
0 0.502441 0.835938 0.028320 0.013672
0 0.503906 0.796387 0.025391 0.018555
0 0.462891 0.794434 0.023438 0.012695
0 0.431641 0.806641 0.021484 0.013672
0 0.432129 0.769531 0.026367 0.021484
0 0.512695 0.744629 0.027344 0.018555
0 0.535645 0.778809 0.030273 0.016602
0 0.528809 0.710449 0.024414 0.014648
0 0.390137 0.674805 0.018555 0.013672
0 0.362793 0.683594 0.022461 0.025391
0 0.409180 0.702148 0.017578 0.021484
0 0.448242 0.677734 0.017578 0.017578
0 0.457520 0.637695 0.010742 0.015625
0 0.446289 0.651367 0.021484 0.013672
0 0.487305 0.643555 0.029297 0.023438
0 0.619629 0.627930 0.018555 0.017578
0 0.534668 0.573242 0.040039 0.023438
0 0.534668 0.573242 0.040039 0.023438
0 0.533691 0.516113 0.034180 0.018555
0 0.499512 0.509766 0.024414 0.017578
0 0.493652 0.474609 0.024414 0.021484
0 0.442383 0.496582 0.037109 0.036133
0 0.574219 0.280762 0.017578 0.014648
0 0.605957 0.291992 0.026367 0.013672
0 0.380244 0.278861 0.035879 0.026471
0 0.588379 0.209473 0.026367 0.016602
0 0.625000 0.223633 0.029297 0.021484
0 0.550781 0.165527 0.025391 0.016602
0 0.540039 0.107422 0.023438 0.025391
0 0.516113 0.095215 0.024414 0.018555
0 0.563965 0.106934 0.024414 0.018555
0 0.596680 0.106934 0.029297 0.018555
0 0.430664 0.009277 0.027344 0.018555
0 0.458984 0.010254 0.025391 0.020508
0 0.342773 0.153320 0.025391 0.025391
0 0.366211 0.150391 0.023438 0.025391
0 0.543457 0.006836 0.028320 0.013672
0 0.585938 0.026855 0.029297 0.022461
0 0.635254 0.036621 0.028320 0.014648
0 0.674805 0.044434 0.031250 0.024414
0 0.672363 0.016113 0.026367 0.016602
0 0.713379 0.015625 0.022461 0.013672
0 0.724121 0.056152 0.028320 0.012695
0 0.755859 0.026367 0.027344 0.013672
0 0.596191 0.059570 0.022461 0.011719
0 0.627930 0.004395 0.021484 0.008789
0 0.660645 0.122070 0.018555 0.021484
0 0.675781 0.168945 0.025391 0.013672
0 0.711426 0.123535 0.024414 0.016602
0 0.736328 0.091309 0.025391 0.016602
0 0.745679 0.124689 0.014795 0.022105
0 0.760222 0.115949 0.016813 0.028582
0 0.780762 0.130371 0.026367 0.016602
0 0.745117 0.161133 0.023438 0.025391
0 0.787109 0.161621 0.025391 0.016602
0 0.743164 0.192383 0.023438 0.013672
0 0.668945 0.240234 0.029297 0.021484
0 0.703613 0.261719 0.032227 0.023438
0 0.628418 0.267578 0.022461 0.021484
0 0.677734 0.291016 0.017578 0.011719
0 0.723636 0.591816 0.031256 0.035118
0 0.675293 0.693848 0.024414 0.016602
0 0.722168 0.681152 0.026367 0.014648
0 0.630859 0.722168 0.025391 0.026367
0 0.738770 0.772949 0.022461 0.014648
0 0.717773 0.798340 0.025391 0.016602
0 0.733398 0.829102 0.029297 0.017578
0 0.752930 0.813965 0.027344 0.016602
0 0.630859 0.815918 0.021484 0.012695
0 0.688965 0.899902 0.024414 0.018555
0 0.629275 0.901417 0.034256 0.021584
0 0.541992 0.951172 0.021484 0.011719
0 0.683105 0.992676 0.032227 0.012695
0 0.702097 0.990943 0.018494 0.015552
0 0.727539 0.941406 0.025391 0.015625
0 0.696777 0.939941 0.018555 0.016602
0 0.806152 0.990723 0.026367 0.016602
0 0.848633 0.988770 0.025391 0.020508
0 0.901855 0.994141 0.030273 0.009766
0 0.967285 0.971680 0.024414 0.013672
0 0.914062 0.907227 0.031250 0.017578
0 0.815918 0.893066 0.026367 0.018555
0 0.775391 0.877441 0.023438 0.016602
0 0.748535 0.855957 0.024414 0.022461
0 0.871582 0.888672 0.028320 0.023438
0 0.882812 0.833008 0.021484 0.025391
0 0.855957 0.635742 0.073242 0.037109
0 0.846680 0.204590 0.033203 0.016602
0 0.906738 0.124023 0.022461 0.025391
0 0.941406 0.109375 0.021484 0.017578
0 0.988281 0.111816 0.021484 0.016602
0 0.930664 0.076172 0.023438 0.025391
0 0.855957 0.064941 0.024414 0.018555
0 0.899902 0.057129 0.026367 0.026367
0 0.847656 0.042969 0.029297 0.015625
0 0.888184 0.037598 0.024414 0.014648
0 0.926270 0.046875 0.014648 0.013672
0 0.960449 0.028809 0.018555 0.014648
0 0.912109 0.016602 0.023438 0.013672
0 0.795898 0.009277 0.039062 0.018555
0 0.865723 0.005859 0.043945 0.011719
0 0.988770 0.020508 0.020508 0.015625
0 0.335666 0.403223 0.030849 0.033706
0 0.379084 0.409507 0.030849 0.030278
