0 0.787763 0.431625 0.047844 0.037190
0 0.963640 0.493599 0.041936 0.038464
0 0.652428 0.366378 0.038877 0.034925
0 0.260798 0.071091 0.036917 0.030706
0 0.029967 0.438236 0.038906 0.029456
0 0.590262 0.423006 0.047193 0.040271
0 0.514029 0.397936 0.046174 0.039751
0 0.048251 0.282932 0.043124 0.031911
0 0.375922 0.181150 0.032480 0.032593
0 0.578715 0.955976 0.037216 0.026653
0 0.984381 0.782453 0.029672 0.033325
0 0.026060 0.016504 0.033831 0.031416
0 0.764324 0.719343 0.035757 0.028730
0 0.544127 0.560570 0.038848 0.028020
0 0.033984 0.341362 0.034682 0.038863
0 0.444472 0.278986 0.035686 0.027652
0 0.790105 0.480333 0.042017 0.028080
0 0.290086 0.865090 0.036909 0.026176
0 0.857885 0.427462 0.046538 0.039816
0 0.255857 0.375731 0.031583 0.032490
0 0.970951 0.964999 0.039155 0.028400
0 0.751663 0.086099 0.040334 0.028291
0 0.424047 0.820745 0.037992 0.027184
0 0.393666 0.756262 0.035153 0.025555
0 0.529817 0.728220 0.038357 0.028687
0 0.635610 0.915773 0.035067 0.028036
0 0.301030 0.579632 0.041839 0.026460
0 0.243981 0.838024 0.039151 0.027141
0 0.815059 0.981347 0.033027 0.029903
0 0.181321 0.620082 0.038807 0.026677
0 0.980295 0.534676 0.036360 0.033710
0 0.964416 0.745549 0.034649 0.030244
0 0.554907 0.814688 0.031160 0.026535
0 0.929502 0.666346 0.032875 0.031293
0 0.324520 0.419402 0.038797 0.029155
0 0.220480 0.555375 0.035485 0.027076
0 0.691144 0.696862 0.037684 0.027704
0 0.160340 0.335809 0.037055 0.028435
0 0.451224 0.462124 0.035711 0.029933
0 0.297144 0.385296 0.033189 0.031591
0 0.339506 0.457917 0.039613 0.028891
0 0.442238 0.618259 0.041399 0.028517
0 0.377718 0.835848 0.036538 0.025417
0 0.409593 0.861232 0.037572 0.026513
0 0.545057 0.139453 0.039701 0.028815
0 0.114170 0.445222 0.033431 0.029762
0 0.895310 0.039663 0.036109 0.030260
0 0.713270 0.427890 0.043696 0.037628
0 0.210930 0.806272 0.033490 0.028601
0 0.632744 0.663505 0.042819 0.028283
0 0.828680 0.577653 0.038108 0.029097
0 0.880478 0.564298 0.039566 0.029793
0 0.100231 0.340152 0.042419 0.036959
0 0.075273 0.458937 0.035763 0.029921
0 0.794381 0.616053 0.034814 0.029822
0 0.206703 0.345402 0.035434 0.030359
0 0.151537 0.464377 0.034523 0.030397
0 0.694722 0.655993 0.038057 0.027966
0 0.055144 0.049468 0.033969 0.031701
0 0.845907 0.111991 0.038187 0.027139
0 0.294893 0.826139 0.037799 0.026401
0 0.565425 0.035941 0.038907 0.028256
0 0.153471 0.256117 0.033850 0.029562
0 0.128473 0.302006 0.037339 0.029906
0 0.323544 0.275053 0.038008 0.028227
0 0.447764 0.577623 0.039859 0.030530
0 0.590118 0.711824 0.037715 0.025893
0 0.868941 0.761726 0.040020 0.028078
0 0.352582 0.215595 0.036420 0.026162
0 0.764306 0.569636 0.038690 0.025387
0 0.211243 0.076313 0.035327 0.027550
0 0.223588 0.724386 0.038741 0.026599
0 0.234151 0.104448 0.033649 0.030399
0 0.464951 0.119138 0.032663 0.030684
0 0.517650 0.589760 0.043735 0.027916
0 0.293924 0.050870 0.033024 0.028906
0 0.490887 0.020641 0.037784 0.027830
0 0.922896 0.560025 0.042465 0.033535
0 0.716441 0.735048 0.035390 0.027394
0 0.913155 0.977877 0.038970 0.034179
0 0.939319 0.777243 0.036399 0.028233
0 0.489327 0.279418 0.033320 0.034339
0 0.899872 0.077025 0.037203 0.027264
0 0.443455 0.696697 0.037238 0.026380
0 0.291430 0.155102 0.040943 0.028314
0 0.911879 0.390764 0.034740 0.033517
0 0.738773 0.211559 0.034646 0.031867
0 0.392413 0.245430 0.038526 0.033275
0 0.442087 0.229006 0.041746 0.032429
0 0.744372 0.125633 0.039234 0.027723
0 0.511179 0.638315 0.050980 0.030822
0 0.350920 0.135709 0.037948 0.031594
0 0.383948 0.680685 0.034414 0.023883
0 0.829187 0.780761 0.037518 0.027644
0 0.910219 0.242493 0.035734 0.034014
0 0.190287 0.239288 0.036459 0.027894
0 0.667860 0.741919 0.034079 0.026132
0 0.814133 0.076537 0.037694 0.027549
0 0.099177 0.195929 0.036289 0.030920
0 0.791782 0.116380 0.034773 0.026676
0 0.249417 0.175505 0.039696 0.026881
0 0.374090 0.520914 0.038564 0.028010
0 0.884699 0.931477 0.031029 0.035429
0 0.676754 0.850985 0.037578 0.030674
0 0.889001 0.122095 0.031186 0.028269
0 0.633872 0.549597 0.039123 0.027390
0 0.170969 0.576837 0.037660 0.025982
0 0.525260 0.056151 0.034883 0.028686
0 0.475639 0.984903 0.035878 0.026216
0 0.228722 0.139986 0.036044 0.030748
0 0.487948 0.469413 0.044682 0.041386
0 0.670476 0.135180 0.038505 0.026984
0 0.804544 0.545269 0.037807 0.028394
0 0.749577 0.049962 0.036146 0.027741
0 0.773710 0.779586 0.037643 0.030324
0 0.889330 0.638620 0.038179 0.031071
0 0.949291 0.040532 0.036902 0.031135
0 0.574835 0.281455 0.033944 0.032367
0 0.808247 0.855962 0.041737 0.030571
0 0.440983 0.745913 0.037130 0.026174
0 0.481734 0.198443 0.036532 0.026885
0 0.738610 0.170876 0.040351 0.026198
0 0.369720 0.876645 0.039363 0.025083
0 0.350748 0.312323 0.042975 0.035342
0 0.568223 0.896175 0.033962 0.025749
0 0.129937 0.640298 0.035888 0.028002
0 0.560172 0.354181 0.036573 0.030359
0 0.803192 0.746118 0.037127 0.030984
0 0.278835 0.432322 0.036810 0.033859
0 0.529150 0.964793 0.040256 0.027655
0 0.859345 0.149718 0.032728 0.029243
0 0.184680 0.119721 0.035353 0.031777
0 0.220461 0.396000 0.036370 0.032626
0 0.811523 0.662072 0.035291 0.032735
0 0.091492 0.615093 0.027613 0.022163
0 0.059318 0.745936 0.038300 0.027409
0 0.791442 0.219817 0.031038 0.031384
0 0.040096 0.494733 0.032922 0.028227
0 0.233881 0.301642 0.034482 0.030486
0 0.748174 0.848878 0.037495 0.031675
0 0.653903 0.818853 0.034093 0.034587
0 0.177277 0.538016 0.035897 0.027817
0 0.908611 0.745657 0.037201 0.030913
0 0.509389 0.317237 0.032675 0.029071
0 0.587037 0.237090 0.042910 0.033081
0 0.643712 0.706387 0.034276 0.030075
0 0.418348 0.191794 0.038298 0.027974
0 0.393327 0.297917 0.041004 0.034920
0 0.050704 0.186582 0.036504 0.030695
0 0.860712 0.719642 0.038270 0.031005
0 0.905299 0.811868 0.035013 0.030969
0 0.105895 0.105000 0.032582 0.032728
0 0.532843 0.237411 0.038384 0.032919
0 0.313780 0.235085 0.036192 0.027524
0 0.550405 0.310532 0.035903 0.030588
0 0.704436 0.220634 0.033792 0.035074
0 0.394419 0.074145 0.035699 0.031417
0 0.224922 0.599958 0.032252 0.025239
0 0.874805 0.601753 0.038226 0.028246
0 0.931559 0.926579 0.035236 0.031432
0 0.232725 0.447029 0.037550 0.036773
0 0.140514 0.496322 0.036463 0.027228
0 0.784479 0.158522 0.037680 0.026314
0 0.584156 0.119888 0.035770 0.030595
0 0.483019 0.719649 0.039788 0.025807
0 0.270499 0.120381 0.035282 0.030864
0 0.046536 0.228942 0.040087 0.028911
0 0.739997 0.684208 0.037192 0.028800
0 0.713947 0.816083 0.037908 0.035258
0 0.276160 0.712384 0.035534 0.028039
0 0.842884 0.884278 0.035730 0.031229
0 0.155486 0.676724 0.035201 0.027443
0 0.404065 0.717108 0.034391 0.024994
0 0.719831 0.608168 0.039547 0.030132
0 0.650231 0.600309 0.043777 0.026860
0 0.938481 0.715814 0.038330 0.030493
0 0.698739 0.916147 0.039054 0.028126
0 0.680836 0.777677 0.040189 0.028878
0 0.391155 0.631747 0.038256 0.026985
0 0.611004 0.045133 0.035572 0.030002
0 0.230232 0.019113 0.038979 0.027139
0 0.833752 0.936851 0.036392 0.030603
0 0.866291 0.840242 0.036498 0.031796
0 0.317954 0.350514 0.041633 0.027686
0 0.481645 0.505230 0.022906 0.034300
0 0.199185 0.042065 0.040824 0.028475
0 0.981139 0.084977 0.031462 0.030088
0 0.950798 0.611595 0.039728 0.032297
0 0.851373 0.075602 0.040931 0.026807
0 0.849627 0.680478 0.033283 0.033112
0 0.679418 0.525855 0.037670 0.028198
0 0.134876 0.579678 0.038335 0.027395
0 0.599178 0.583114 0.037795 0.028476
0 0.810873 0.154793 0.038255 0.027067
0 0.423903 0.665848 0.038292 0.024231
0 0.340690 0.036729 0.038005 0.028566
0 0.140727 0.220233 0.034735 0.030334
0 0.614749 0.751151 0.034727 0.030614
0 0.279466 0.478024 0.038287 0.027723
0 0.114011 0.138931 0.038550 0.030048
0 0.605701 0.085641 0.035504 0.030227
0 0.797524 0.040950 0.033830 0.029865
0 0.331137 0.184593 0.034894 0.029251
0 0.610528 0.470345 0.041040 0.031754
0 0.423686 0.112447 0.035792 0.030572
0 0.599823 0.923624 0.035279 0.028518
0 0.278616 0.545221 0.037323 0.028850
0 0.735857 0.496490 0.040739 0.030388
0 0.083646 0.655169 0.034670 0.023299
0 0.624143 0.774591 0.039978 0.028508
0 0.806897 0.700431 0.039252 0.027386
0 0.191652 0.425811 0.042007 0.037135
0 0.444565 0.909005 0.029942 0.029269
0 0.700295 0.100810 0.038639 0.028440
0 0.860736 0.970971 0.033553 0.031559
0 0.674002 0.448961 0.036335 0.032201
0 0.228890 0.678154 0.039437 0.028351
0 0.408937 0.785066 0.035300 0.025932
0 0.499742 0.091153 0.036432 0.030131
0 0.536527 0.490147 0.034864 0.034225
0 0.559425 0.523915 0.037387 0.029787
0 0.644644 0.875195 0.032217 0.030090
0 0.144021 0.086200 0.037907 0.028310
0 0.300087 0.516144 0.035706 0.026616
0 0.660249 0.979214 0.039081 0.028249
0 0.496694 0.680667 0.037572 0.028197
0 0.404905 0.911435 0.033944 0.024185
0 0.174884 0.384801 0.040132 0.029093
0 0.579988 0.784481 0.028603 0.024757
0 0.101816 0.231102 0.040787 0.028956
0 0.790646 0.941730 0.034031 0.029391
0 0.490854 0.913807 0.036099 0.027096
0 0.104447 0.504875 0.033562 0.027789
0 0.578077 0.851661 0.036813 0.025098
0 0.644946 0.200600 0.039607 0.032864
0 0.960555 0.656451 0.033059 0.030785
0 0.659924 0.485638 0.042060 0.028318
0 0.331468 0.906805 0.031582 0.023880
0 0.335232 0.851297 0.034911 0.026074
0 0.889248 0.516043 0.037779 0.030681
0 0.370965 0.796682 0.035789 0.025753
0 0.298686 0.618974 0.033389 0.026494
0 0.561972 0.071464 0.035639 0.030340
0 0.484565 0.761146 0.037930 0.025706
0 0.181736 0.305962 0.032817 0.029014
0 0.018673 0.985302 0.029839 0.021543
0 0.334770 0.496963 0.034688 0.027970
0 0.400330 0.144772 0.042786 0.027835
0 0.814544 0.815089 0.038622 0.027986
0 0.767803 0.885662 0.035251 0.028826
0 0.416377 0.550909 0.035333 0.029673
0 0.019043 0.071289 0.028320 0.021484
0 0.031738 0.108398 0.030273 0.021484
0 0.066406 0.079102 0.025391 0.017578
0 0.101074 0.051270 0.028320 0.016602
0 0.132324 0.008789 0.026367 0.017578
0 0.146484 0.040527 0.023438 0.016602
0 0.143555 0.115723 0.027344 0.012695
0 0.178711 0.087402 0.021484 0.012695
0 0.019043 0.201172 0.024414 0.029297
0 0.070801 0.155762 0.028320 0.022461
0 0.145020 0.163086 0.028320 0.017578
0 0.180664 0.145020 0.029297 0.018555
0 0.178223 0.195312 0.028320 0.023438
0 0.144531 0.383301 0.025391 0.016602
0 0.081055 0.526855 0.046875 0.055664
0 0.004596 0.478444 0.009191 0.034612
0 0.006467 0.524281 0.012933 0.019644
0 0.019043 0.555176 0.018555 0.026367
0 0.050293 0.564941 0.024414 0.012695
0 0.086426 0.579102 0.024414 0.023438
0 0.055664 0.598633 0.027344 0.023438
0 0.022949 0.589355 0.026367 0.016602
0 0.174805 0.492188 0.027344 0.023438
0 0.125488 0.537109 0.018555 0.017578
0 0.029297 0.649902 0.023438 0.014648
0 0.061523 0.629883 0.013672 0.021484
0 0.012695 0.676758 0.025391 0.017578
0 0.038574 0.681641 0.022461 0.013672
0 0.072266 0.692383 0.023438 0.011719
0 0.105957 0.681152 0.024414 0.014648
0 0.190918 0.663086 0.024414 0.015625
0 0.128418 0.707520 0.022461 0.012695
0 0.160645 0.723145 0.016602 0.012695
0 0.188477 0.699219 0.025391 0.017578
0 0.092773 0.714844 0.021484 0.013672
0 0.012207 0.715332 0.024414 0.014648
0 0.015625 0.747070 0.017578 0.011719
0 0.103516 0.759766 0.017578 0.013672
0 0.154297 0.752441 0.027344 0.014648
0 0.125000 0.738281 0.017578 0.013672
0 0.125977 0.782227 0.015625 0.013672
0 0.155273 0.784668 0.025391 0.014648
0 0.186035 0.774414 0.022461 0.013672
0 0.089844 0.791016 0.023438 0.013672
0 0.050781 0.791016 0.021484 0.013672
0 0.014160 0.789062 0.022461 0.013672
0 0.020508 0.827637 0.017578 0.018555
0 0.086426 0.823730 0.026367 0.012695
0 0.054688 0.825684 0.023438 0.012695
0 0.006934 0.856511 0.013869 0.035547
0 0.037598 0.858887 0.018555 0.014648
0 0.078613 0.857422 0.022461 0.015625
0 0.108887 0.849609 0.024414 0.011719
0 0.123047 0.815430 0.023438 0.013672
0 0.165527 0.812012 0.024414 0.014648
0 0.144531 0.838867 0.025391 0.021484
0 0.174805 0.852051 0.023438 0.018555
0 0.167969 0.887207 0.021484 0.014648
0 0.141113 0.869141 0.022461 0.013672
0 0.100098 0.880859 0.024414 0.011719
0 0.070285 0.882358 0.024678 0.013563
0 0.020020 0.882812 0.026367 0.013672
0 0.011719 0.917480 0.023438 0.014648
0 0.011230 0.953125 0.022461 0.011719
0 0.054199 0.919922 0.018555 0.015625
0 0.039062 0.948242 0.017578 0.015625
0 0.076172 0.944824 0.015625 0.012695
0 0.104492 0.925293 0.021484 0.018555
0 0.125488 0.902344 0.024414 0.015625
0 0.161621 0.919922 0.018555 0.015625
0 0.194336 0.916016 0.017578 0.013672
0 0.136719 0.942871 0.017578 0.014648
0 0.058594 0.972168 0.015625 0.012695
0 0.103516 0.966797 0.013672 0.013672
0 0.119340 0.992895 0.023854 0.014210
0 0.080987 0.995702 0.028531 0.008597
0 0.142493 0.973396 0.029934 0.019177
0 0.167984 0.949308 0.024789 0.020580
0 0.180612 0.975500 0.033208 0.024322
0 0.195813 0.950243 0.024322 0.027128
0 0.170410 0.004883 0.022461 0.009766
0 0.283203 0.006348 0.037109 0.012695
0 0.319336 0.070801 0.029297 0.018555
0 0.218262 0.208008 0.028320 0.017578
0 0.257324 0.238281 0.024414 0.013672
0 0.294922 0.198242 0.029297 0.021484
0 0.238770 0.257324 0.014648 0.012695
0 0.208008 0.276855 0.023438 0.014648
0 0.285156 0.254883 0.021484 0.015625
0 0.271484 0.295410 0.021484 0.016602
0 0.295410 0.322266 0.016602 0.013672
0 0.270996 0.344727 0.024414 0.017578
0 0.253418 0.516113 0.026367 0.018555
0 0.213867 0.508789 0.031250 0.021484
0 0.253418 0.576660 0.024414 0.016602
0 0.255371 0.616699 0.024414 0.018555
0 0.366699 0.588379 0.043945 0.022461
0 0.338867 0.629883 0.025391 0.015625
0 0.311035 0.652832 0.026367 0.012695
0 0.264648 0.653320 0.031250 0.021484
0 0.216309 0.636719 0.032227 0.025391
0 0.297852 0.681152 0.025391 0.016602
0 0.339844 0.681641 0.025391 0.013672
0 0.328125 0.711914 0.021484 0.021484
0 0.220703 0.768066 0.025391 0.014648
0 0.253418 0.756348 0.022461 0.014648
0 0.289062 0.768066 0.027344 0.018555
0 0.313477 0.743164 0.023438 0.015625
0 0.351074 0.740723 0.018555 0.012695
0 0.363281 0.711914 0.017578 0.015625
0 0.334473 0.773438 0.026367 0.015625
0 0.340332 0.791504 0.024414 0.024414
0 0.256836 0.791504 0.027344 0.016602
0 0.206055 0.872559 0.021484 0.012695
0 0.252930 0.880859 0.023438 0.011719
0 0.221680 0.898926 0.023438 0.014648
0 0.258301 0.910645 0.018555 0.012695
0 0.234863 0.931152 0.016602 0.010742
0 0.294922 0.922852 0.017578 0.013672
0 0.263672 0.937988 0.017578 0.012695
0 0.213867 0.953613 0.011719 0.018555
0 0.213379 0.978516 0.014648 0.013672
0 0.262207 0.986816 0.014648 0.024414
0 0.281738 0.960449 0.016602 0.012695
0 0.318848 0.954102 0.018555 0.015625
0 0.335418 0.973700 0.027128 0.020112
0 0.302677 0.985159 0.030870 0.026193
0 0.370731 0.962942 0.026660 0.020112
0 0.346409 0.936282 0.028531 0.020112
0 0.376414 0.934879 0.028531 0.036015
0 0.379883 0.025879 0.035156 0.051758
0 0.435547 0.011719 0.029297 0.015625
0 0.432617 0.055664 0.027344 0.015625
0 0.466309 0.044434 0.026367 0.018555
0 0.466797 0.074707 0.021484 0.022461
0 0.535156 0.099609 0.031250 0.017578
0 0.492676 0.148438 0.016602 0.013672
0 0.526367 0.183105 0.027344 0.018555
0 0.590820 0.168945 0.066406 0.074219
0 0.469238 0.305664 0.026367 0.015625
0 0.468262 0.503418 0.014648 0.024414
0 0.432617 0.511230 0.025391 0.024414
0 0.510742 0.523926 0.031250 0.022461
0 0.494141 0.552246 0.033203 0.022461
0 0.567871 0.484375 0.028320 0.021484
0 0.579590 0.666504 0.034180 0.016602
0 0.541992 0.687988 0.029297 0.024414
0 0.533203 0.785156 0.029297 0.017578
0 0.488304 0.814548 0.027388 0.064644
0 0.456543 0.786133 0.024414 0.015625
0 0.467773 0.831543 0.027344 0.018555
0 0.452148 0.873047 0.027344 0.017578
0 0.486816 0.871094 0.045898 0.021484
0 0.535156 0.923340 0.025391 0.016602
0 0.430664 0.937012 0.021484 0.014648
0 0.408691 0.959961 0.018555 0.013672
0 0.429688 0.981445 0.017578 0.013672
0 0.453613 0.954102 0.024414 0.017578
0 0.484375 0.952148 0.023438 0.011719
0 0.390913 0.989513 0.036015 0.020974
0 0.532715 0.869141 0.030273 0.021484
0 0.513672 0.834473 0.031250 0.016602
0 0.594727 0.006836 0.025391 0.013672
0 0.641113 0.010742 0.022461 0.021484
0 0.676758 0.018555 0.025391 0.017578
0 0.716797 0.027832 0.027344 0.014648
0 0.754883 0.008301 0.025391 0.016602
0 0.663574 0.047852 0.026367 0.015625
0 0.673828 0.074707 0.023438 0.018555
0 0.705078 0.060547 0.031250 0.025391
0 0.620117 0.117188 0.031250 0.023438
0 0.652832 0.105957 0.022461 0.016602
0 0.708008 0.144531 0.027344 0.017578
0 0.612305 0.158691 0.023438 0.012695
0 0.704867 0.560394 0.075771 0.037416
0 0.724609 0.543945 0.035156 0.023438
0 0.684570 0.577637 0.027344 0.016602
0 0.602051 0.625977 0.032227 0.021484
0 0.775391 0.646484 0.027344 0.017578
0 0.773438 0.674805 0.025391 0.017578
0 0.696777 0.780762 0.069336 0.034180
0 0.616699 0.826172 0.026367 0.021484
0 0.567383 0.751953 0.023438 0.017578
0 0.604980 0.881348 0.024414 0.018555
0 0.674805 0.888672 0.027344 0.017578
0 0.736328 0.919434 0.027344 0.018555
0 0.696777 0.956055 0.028320 0.017578
0 0.634766 0.949707 0.023438 0.018555
0 0.602051 0.988770 0.028320 0.020508
0 0.564453 0.991699 0.023438 0.014648
0 0.741211 0.961914 0.027344 0.021484
0 0.694336 0.991699 0.029297 0.014648
0 0.846680 0.037109 0.023438 0.013672
0 0.900879 0.006348 0.024414 0.012695
0 0.954590 0.004883 0.028320 0.009766
0 0.993164 0.007812 0.011719 0.015625
0 0.988281 0.051270 0.021484 0.016602
0 0.948730 0.083984 0.016602 0.015625
0 0.921875 0.110840 0.021484 0.014648
0 0.955078 0.123535 0.023438 0.016602
0 0.963379 0.162109 0.022461 0.013672
0 0.892090 0.153320 0.028320 0.021484
0 0.969238 0.196289 0.024414 0.023438
0 0.937012 0.217285 0.018555 0.012695
0 0.854980 0.522461 0.026367 0.023438
0 0.833984 0.610352 0.025391 0.015625
0 0.969238 0.582520 0.030273 0.022461
0 0.967285 0.683594 0.018555 0.013672
0 0.881836 0.692871 0.029297 0.014648
0 0.870117 0.798828 0.029297 0.021484
0 0.949707 0.806152 0.016602 0.016602
0 0.913086 0.844727 0.025391 0.021484
0 0.954590 0.851074 0.028320 0.016602
0 0.808594 0.901855 0.031250 0.022461
0 0.876953 0.885742 0.023438 0.025391
0 0.916992 0.884766 0.029297 0.017578
0 0.960449 0.885254 0.028320 0.018555
0 0.988770 0.919922 0.020508 0.017578
0 0.991211 0.832031 0.015625 0.017578
0 0.868652 0.992676 0.030273 0.012695
0 0.949219 0.247559 0.021484 0.012695
0 0.992195 0.271843 0.015610 0.033134
0 0.990767 0.237566 0.018466 0.021709
