0 0.770911 0.543117 0.035245 0.038043
0 0.868876 0.426513 0.039862 0.031295
0 0.156802 0.540218 0.044792 0.035899
0 0.592398 0.908876 0.042556 0.051046
0 0.850142 0.367728 0.039157 0.043690
0 0.267024 0.399367 0.057021 0.039140
0 0.066982 0.239149 0.043935 0.040798
0 0.024723 0.359276 0.027756 0.040346
0 0.140272 0.214566 0.035066 0.034140
0 0.257479 0.261395 0.043573 0.025041
0 0.150886 0.269646 0.037318 0.031723
0 0.765291 0.101218 0.031898 0.035735
0 0.358112 0.984990 0.044214 0.030020
0 0.591629 0.277207 0.053471 0.045962
0 0.937000 0.055893 0.027828 0.023061
0 0.170715 0.024702 0.025818 0.027590
0 0.123710 0.272168 0.052851 0.031619
0 0.145752 0.887757 0.032925 0.029458
0 0.327925 0.291196 0.040364 0.028907
0 0.363002 0.310576 0.031368 0.027833
0 0.034598 0.899520 0.036452 0.026932
0 0.016078 0.784745 0.032156 0.033189
0 0.316407 0.927272 0.030207 0.037777
0 0.946472 0.094777 0.024746 0.026931
0 0.109901 0.873269 0.034995 0.026409
0 0.353860 0.361273 0.041633 0.028264
0 0.098392 0.155837 0.026436 0.022949
0 0.448901 0.175374 0.040335 0.026318
0 0.461262 0.099720 0.037154 0.025436
0 0.028280 0.943694 0.034044 0.027191
0 0.240303 0.226605 0.033379 0.027126
0 0.125662 0.042019 0.022216 0.018431
0 0.189984 0.080254 0.022125 0.018840
0 0.910475 0.075394 0.026017 0.026122
0 0.602114 0.211886 0.035713 0.024924
0 0.606002 0.075597 0.035880 0.026149
0 0.359328 0.181574 0.029425 0.028088
0 0.573405 0.118048 0.053718 0.051484
0 0.484443 0.316436 0.037146 0.034651
0 0.872917 0.023964 0.029508 0.031660
0 0.006301 0.068131 0.008601 0.020991
0 0.393743 0.369560 0.063030 0.047296
0 0.036259 0.071037 0.016881 0.016124
0 0.029242 0.009993 0.024236 0.013674
0 0.356871 0.143715 0.034274 0.025060
0 0.412118 0.128556 0.032651 0.027469
0 0.698570 0.218016 0.040874 0.034474
0 0.085449 0.048828 0.022461 0.013672
0 0.093750 0.014648 0.017578 0.015625
0 0.126465 0.009766 0.018555 0.013672
0 0.101562 0.072754 0.017578 0.012695
0 0.068848 0.081543 0.026367 0.012695
0 0.094727 0.104980 0.015625 0.014648
0 0.127930 0.128418 0.025391 0.012695
0 0.127441 0.096191 0.022461 0.014648
0 0.135742 0.066895 0.021484 0.014648
0 0.195749 0.032410 0.019429 0.031112
0 0.224406 0.019278 0.024455 0.018812
0 0.164551 0.082031 0.022461 0.011719
0 0.165039 0.112793 0.021484 0.012695
0 0.132324 0.162598 0.024414 0.016602
0 0.164062 0.143555 0.017578 0.021484
0 0.198730 0.138184 0.018555 0.010742
0 0.205751 0.114903 0.031666 0.025709
0 0.222211 0.088097 0.021320 0.026023
0 0.238515 0.085902 0.018184 0.026023
0 0.249174 0.053139 0.030725 0.026336
0 0.263910 0.036365 0.024455 0.019752
0 0.276367 0.007812 0.021484 0.015625
0 0.295410 0.034668 0.014648 0.014648
0 0.258789 0.090820 0.015625 0.017578
0 0.231445 0.124023 0.025391 0.023438
0 0.186523 0.164062 0.021484 0.015625
0 0.219409 0.154677 0.032568 0.018771
0 0.258301 0.138184 0.022461 0.014648
0 0.297363 0.131836 0.016602 0.015625
0 0.255371 0.171387 0.012695 0.016602
0 0.239746 0.195312 0.014648 0.017578
0 0.288757 0.158059 0.028687 0.021772
0 0.068359 0.862793 0.017578 0.016602
0 0.085938 0.835449 0.017578 0.024414
0 0.073730 0.926270 0.022461 0.012695
0 0.026367 0.983887 0.021484 0.016602
0 0.073242 0.956543 0.013672 0.012695
0 0.069336 0.986328 0.021484 0.017578
0 0.102539 0.945801 0.023438 0.014648
0 0.159180 0.956543 0.037109 0.016602
0 0.143555 0.916992 0.023438 0.013672
0 0.109863 0.914551 0.024414 0.014648
0 0.138316 0.991404 0.028585 0.015240
0 0.210449 0.973145 0.026367 0.014648
0 0.259277 0.991699 0.032227 0.014648
0 0.006836 0.965024 0.013672 0.021844
0 0.003880 0.989227 0.007760 0.021546
0 0.340602 0.926879 0.038877 0.029158
0 0.436523 0.290039 0.029297 0.013672
0 0.499512 0.273438 0.024414 0.021484
0 0.503418 0.245117 0.018555 0.021484
0 0.499512 0.214844 0.024414 0.013672
0 0.322266 0.160156 0.023438 0.015625
0 0.323242 0.121094 0.023438 0.015625
0 0.358398 0.103027 0.023438 0.016602
0 0.394531 0.098633 0.021484 0.013672
0 0.344238 0.074219 0.022461 0.015625
0 0.389160 0.072266 0.022461 0.013672
0 0.431152 0.081055 0.018555 0.015625
0 0.310059 0.058105 0.014648 0.016602
0 0.312500 0.071777 0.015625 0.030273
0 0.323242 0.076660 0.015625 0.018555
0 0.331971 0.040060 0.029176 0.019573
0 0.360607 0.046937 0.023949 0.015500
0 0.324707 0.020020 0.014648 0.010742
0 0.359375 0.016113 0.017578 0.012695
0 0.395508 0.016602 0.017578 0.015625
0 0.393555 0.044434 0.017578 0.016602
0 0.427246 0.049805 0.018555 0.011719
0 0.433594 0.023438 0.023438 0.013672
0 0.464355 0.036133 0.018555 0.009766
0 0.461914 0.062500 0.023438 0.009766
0 0.489746 0.011230 0.022461 0.016602
0 0.498535 0.041016 0.018555 0.009766
0 0.498047 0.076172 0.021484 0.013672
0 0.564453 0.005859 0.023438 0.011719
0 0.551758 0.033691 0.025391 0.014648
0 0.529785 0.082031 0.022461 0.013672
0 0.567383 0.062988 0.017578 0.012695
0 0.592285 0.039062 0.022461 0.013672
0 0.575617 0.088328 0.029471 0.028531
0 0.758402 0.030169 0.033234 0.018812
0 0.792480 0.008789 0.032227 0.017578
0 0.977559 0.186188 0.042928 0.059265
0 0.970703 0.159180 0.056641 0.113281
0 0.648926 0.216309 0.059570 0.055664
0 0.677734 0.146484 0.029297 0.027344
