0 0.649450 0.881232 0.035821 0.027432
0 0.960306 0.854181 0.038004 0.027267
0 0.114511 0.939800 0.039339 0.026631
0 0.456884 0.620172 0.034622 0.030552
0 0.089861 0.973964 0.036036 0.026488
0 0.594093 0.819474 0.036881 0.025922
0 0.477645 0.896372 0.037392 0.025460
0 0.673420 0.916973 0.034751 0.028992
0 0.630357 0.676457 0.039480 0.027771
0 0.534393 0.880822 0.035570 0.025227
0 0.164805 0.169394 0.035931 0.029487
0 0.049592 0.475778 0.031736 0.028693
0 0.674249 0.695355 0.039599 0.025977
0 0.494317 0.854741 0.037591 0.026926
0 0.615308 0.850120 0.039665 0.026233
0 0.430007 0.959148 0.035961 0.026855
0 0.788997 0.889937 0.040241 0.025911
0 0.714347 0.936594 0.035965 0.026701
0 0.851597 0.945218 0.038125 0.026823
0 0.745203 0.658818 0.035865 0.027114
0 0.638844 0.813919 0.038647 0.026771
0 0.248288 0.228694 0.031380 0.029950
0 0.504919 0.779014 0.037119 0.025451
0 0.850069 0.616201 0.033110 0.028794
0 0.903500 0.760279 0.036039 0.025534
0 0.596410 0.889933 0.042105 0.027415
0 0.933255 0.925289 0.038269 0.026636
0 0.103224 0.714187 0.034038 0.026504
0 0.687933 0.796811 0.035256 0.026086
0 0.049901 0.954055 0.038204 0.028497
0 0.754360 0.966854 0.037713 0.025596
0 0.885478 0.676836 0.033112 0.024293
0 0.834860 0.657095 0.036774 0.024583
0 0.351534 0.836114 0.032989 0.025212
0 0.879946 0.844912 0.038812 0.027429
0 0.223157 0.251508 0.032899 0.028197
0 0.408148 0.285926 0.032094 0.024975
0 0.674394 0.839941 0.038954 0.027058
0 0.419821 0.451325 0.029798 0.020333
0 0.923341 0.830614 0.036967 0.024754
0 0.309218 0.844400 0.029239 0.028202
0 0.883817 0.803642 0.043001 0.027847
0 0.168839 0.945020 0.037949 0.026215
0 0.741326 0.136495 0.035776 0.024796
0 0.589649 0.660551 0.034386 0.025726
0 0.278955 0.245861 0.035464 0.026889
0 0.893937 0.717262 0.033819 0.025378
0 0.736693 0.728928 0.036762 0.026457
0 0.385339 0.118906 0.032487 0.025529
0 0.790274 0.685271 0.035747 0.026929
0 0.341034 0.929684 0.033220 0.028595
0 0.534621 0.834698 0.036604 0.028428
0 0.807647 0.755033 0.040664 0.024757
0 0.851655 0.874822 0.042877 0.028030
0 0.419763 0.809713 0.029756 0.028524
0 0.754925 0.697963 0.034726 0.027934
0 0.054154 0.899656 0.041107 0.025918
0 0.289833 0.735532 0.028413 0.026386
0 0.788882 0.125068 0.033172 0.026835
0 0.789870 0.646633 0.034891 0.025718
0 0.929814 0.883658 0.034260 0.030111
0 0.728637 0.901607 0.035244 0.025586
0 0.213620 0.949104 0.039761 0.026719
0 0.626792 0.758801 0.035565 0.032291
0 0.088125 0.540881 0.033486 0.023759
0 0.055468 0.538844 0.027998 0.022884
0 0.673700 0.043760 0.030700 0.021401
0 0.882819 0.906290 0.040030 0.026444
0 0.419200 0.104322 0.032394 0.029198
0 0.185186 0.258350 0.032645 0.028661
0 0.359098 0.964024 0.033859 0.026601
0 0.826141 0.909791 0.032709 0.028617
0 0.813289 0.969526 0.037744 0.027190
0 0.265100 0.199254 0.032798 0.029186
0 0.775201 0.159640 0.031181 0.022506
0 0.210482 0.990350 0.046278 0.019300
0 0.326378 0.810473 0.030102 0.026421
0 0.691413 0.651503 0.037191 0.026261
0 0.270669 0.948902 0.035668 0.026604
0 0.800150 0.850377 0.040488 0.026753
0 0.395166 0.936744 0.034202 0.026501
0 0.853000 0.731486 0.043216 0.025881
0 0.455212 0.797081 0.030983 0.021577
0 0.892799 0.235588 0.029736 0.021032
0 0.977426 0.893373 0.035743 0.027675
0 0.512054 0.481395 0.029764 0.024467
0 0.344914 0.326691 0.032648 0.024917
0 0.765033 0.757194 0.032269 0.020007
0 0.023993 0.985296 0.039667 0.025910
0 0.444645 0.304945 0.025816 0.025042
0 0.646896 0.945791 0.027845 0.023211
0 0.233827 0.536413 0.031857 0.020352
0 0.789689 0.794517 0.038369 0.026021
0 0.308446 0.374313 0.030101 0.022993
0 0.620259 0.265529 0.034961 0.025801
0 0.171491 0.220090 0.027572 0.024508
0 0.296032 0.220060 0.036158 0.026059
0 0.135807 0.550150 0.035339 0.024285
0 0.569959 0.701618 0.037520 0.025019
0 0.057820 0.777583 0.029874 0.022677
0 0.830829 0.805749 0.039964 0.028198
0 0.039739 0.444622 0.026352 0.026212
0 0.515321 0.234844 0.027198 0.022963
0 0.478233 0.379296 0.025069 0.018200
0 0.264112 0.898844 0.031390 0.028072
0 0.408299 0.629739 0.031646 0.024337
0 0.289596 0.989499 0.044782 0.021002
0 0.619273 0.995449 0.023420 0.008410
0 0.079796 0.665468 0.036068 0.025891
0 0.743529 0.868883 0.038860 0.026902
0 0.793235 0.935944 0.030765 0.022457
0 0.737776 0.790668 0.034906 0.024932
0 0.890660 0.415705 0.027760 0.020027
0 0.780621 0.326667 0.033199 0.025629
0 0.300098 0.926047 0.034251 0.026628
0 0.138672 0.049805 0.013672 0.011719
0 0.113281 0.082520 0.019531 0.016602
0 0.143555 0.078125 0.021484 0.015625
0 0.169434 0.093262 0.016602 0.012695
0 0.140137 0.108398 0.020508 0.013672
0 0.104004 0.113281 0.014648 0.009766
0 0.076660 0.093750 0.018555 0.013672
0 0.071289 0.136719 0.017578 0.013672
0 0.036133 0.144531 0.015625 0.017578
0 0.049805 0.167480 0.017578 0.012695
0 0.080566 0.166504 0.016602 0.010742
0 0.103516 0.144531 0.015625 0.015625
0 0.138184 0.148926 0.014648 0.012695
0 0.123535 0.172852 0.016602 0.009766
0 0.096191 0.193359 0.016602 0.011719
0 0.055664 0.201172 0.023438 0.013672
0 0.027832 0.207031 0.016602 0.013672
0 0.041504 0.233398 0.018555 0.013672
0 0.079102 0.226562 0.019531 0.011719
0 0.109375 0.222656 0.019531 0.013672
0 0.143555 0.198730 0.015625 0.012695
0 0.030273 0.018555 0.013672 0.015625
0 0.077148 0.005859 0.023438 0.011719
0 0.064453 0.034668 0.019531 0.014648
0 0.029297 0.053223 0.017578 0.012695
0 0.037109 0.084961 0.025391 0.013672
0 0.068359 0.062500 0.027344 0.011719
0 0.095703 0.054688 0.015625 0.017578
0 0.103027 0.029297 0.014648 0.009766
0 0.138184 0.020020 0.018555 0.016602
0 0.170410 0.026367 0.016602 0.015625
0 0.228516 0.027344 0.015625 0.015625
0 0.167480 0.055664 0.020508 0.013672
0 0.194824 0.068359 0.022461 0.013672
0 0.195312 0.038086 0.019531 0.013672
0 0.230469 0.056152 0.021484 0.010742
0 0.234375 0.088379 0.019531 0.014648
0 0.209473 0.093750 0.020508 0.013672
0 0.188965 0.116699 0.018555 0.014648
0 0.164551 0.133301 0.018555 0.012695
0 0.166504 0.131836 0.020508 0.013672
0 0.204102 0.143555 0.017578 0.017578
0 0.016602 0.117188 0.021484 0.013672
0 0.048828 0.114258 0.019531 0.011719
0 0.010742 0.151855 0.021484 0.010742
0 0.011230 0.210449 0.022461 0.012695
0 0.006860 0.187086 0.013719 0.017232
0 0.006094 0.091006 0.012188 0.019147
0 0.010254 0.236328 0.020508 0.013672
0 0.011230 0.262695 0.022461 0.011719
0 0.035156 0.260742 0.017578 0.011719
0 0.073242 0.260254 0.015625 0.014648
0 0.108887 0.251953 0.018555 0.013672
0 0.072754 0.288574 0.016602 0.012695
0 0.032715 0.292969 0.024414 0.013672
0 0.100098 0.283203 0.018555 0.013672
0 0.145996 0.261230 0.016602 0.010742
0 0.140137 0.236816 0.016602 0.012695
0 0.195312 0.194336 0.021484 0.011719
0 0.229004 0.172363 0.020508 0.014648
0 0.241169 0.144651 0.025308 0.015318
0 0.227051 0.201172 0.016602 0.011719
0 0.041992 0.323242 0.021484 0.015625
0 0.078613 0.314453 0.020508 0.013672
0 0.065430 0.343262 0.017578 0.012695
0 0.027344 0.349609 0.013672 0.011719
0 0.008296 0.324380 0.016592 0.024891
0 0.004658 0.359227 0.009316 0.020296
0 0.053223 0.373535 0.018555 0.010742
0 0.021187 0.378183 0.022211 0.023742
0 0.020020 0.413086 0.022461 0.013672
0 0.054688 0.406250 0.023438 0.013672
0 0.093750 0.396484 0.021484 0.009766
0 0.113770 0.414062 0.022461 0.017578
0 0.080566 0.427734 0.018555 0.011719
0 0.071289 0.455566 0.015625 0.012695
0 0.102539 0.452637 0.019531 0.012695
0 0.010210 0.445064 0.020421 0.016123
0 0.011551 0.473709 0.023102 0.021333
0 0.005041 0.500570 0.010082 0.021445
0 0.028463 0.510718 0.017615 0.032550
0 0.025022 0.567230 0.022222 0.015319
0 0.016602 0.533203 0.015625 0.013672
0 0.063477 0.570801 0.019531 0.012695
0 0.100586 0.575195 0.021484 0.015625
0 0.138672 0.583496 0.021484 0.014648
0 0.168945 0.595215 0.019531 0.016602
0 0.102051 0.605469 0.018555 0.013672
0 0.065430 0.606445 0.023438 0.017578
0 0.020508 0.653809 0.013672 0.022461
0 0.028809 0.630371 0.014648 0.008789
0 0.004531 0.617358 0.009062 0.016084
0 0.012891 0.643589 0.016084 0.021828
0 0.028809 0.597656 0.022461 0.013672
0 0.045441 0.620196 0.019913 0.026423
0 0.020508 0.683594 0.019531 0.013672
0 0.046875 0.661133 0.015625 0.011719
0 0.056641 0.685059 0.011719 0.012695
0 0.010254 0.705078 0.020508 0.015625
0 0.056547 0.716238 0.023742 0.033316
0 0.035645 0.747559 0.026367 0.014648
0 0.068628 0.739360 0.028759 0.013877
0 0.005680 0.744384 0.011360 0.023742
0 0.014160 0.782715 0.020508 0.014648
0 0.037598 0.808105 0.022461 0.016602
0 0.010254 0.827148 0.020508 0.023438
0 0.056152 0.833984 0.022461 0.013672
0 0.076172 0.805176 0.019531 0.012695
0 0.093262 0.833984 0.020508 0.013672
0 0.099609 0.759277 0.021484 0.014648
0 0.130371 0.768555 0.022461 0.015625
0 0.124023 0.737305 0.021484 0.011719
0 0.156250 0.750000 0.025391 0.013672
0 0.163086 0.723633 0.025391 0.013672
0 0.138184 0.705078 0.014648 0.013672
0 0.144531 0.674805 0.017578 0.013672
0 0.123535 0.660156 0.024414 0.072266
0 0.147949 0.645020 0.016602 0.014648
0 0.114031 0.643096 0.027189 0.022593
0 0.108398 0.793457 0.017578 0.014648
0 0.016113 0.865234 0.032227 0.023438
0 0.062012 0.871094 0.024414 0.013672
0 0.079102 0.863281 0.027344 0.017578
0 0.012207 0.911133 0.024414 0.015625
0 0.106445 0.895020 0.023438 0.016602
0 0.137695 0.878906 0.025391 0.015625
0 0.006371 0.944265 0.012743 0.030635
0 0.033691 0.748047 0.026367 0.013672
0 0.147949 0.906738 0.018555 0.012695
0 0.174805 0.889160 0.021484 0.016602
0 0.176270 0.857422 0.026367 0.013672
0 0.146973 0.843262 0.016602 0.016602
0 0.121094 0.820312 0.021484 0.015625
0 0.148438 0.805176 0.015625 0.014648
0 0.209473 0.870605 0.022461 0.014648
0 0.192871 0.915039 0.022461 0.013672
0 0.231934 0.897949 0.022461 0.022461
0 0.242188 0.870117 0.021484 0.017578
0 0.211426 0.837402 0.024414 0.016602
0 0.174792 0.822802 0.025365 0.020413
0 0.207031 0.804199 0.021484 0.012695
0 0.235352 0.816406 0.025391 0.021484
0 0.251953 0.842285 0.017578 0.014648
0 0.273438 0.838379 0.013672 0.014648
0 0.281250 0.814453 0.025391 0.013672
0 0.252930 0.783203 0.023438 0.015625
0 0.215820 0.772461 0.017578 0.011719
0 0.176758 0.780273 0.025391 0.013672
0 0.196289 0.742188 0.023438 0.017578
0 0.216797 0.717285 0.015625 0.053711
0 0.206055 0.006836 0.015625 0.013672
0 0.253906 0.005859 0.021484 0.011719
0 0.260254 0.036133 0.022461 0.011719
0 0.295410 0.021484 0.014648 0.013672
0 0.297363 0.049805 0.018555 0.013672
0 0.272949 0.065918 0.018555 0.018555
0 0.326172 0.031250 0.017578 0.021484
0 0.349121 0.008789 0.010742 0.017578
0 0.367188 0.020508 0.021484 0.021484
0 0.361328 0.054199 0.015625 0.022461
0 0.327148 0.065918 0.017578 0.014648
0 0.301270 0.082520 0.016602 0.012695
0 0.269043 0.101074 0.024414 0.014648
0 0.231445 0.116699 0.017578 0.012695
0 0.268066 0.130859 0.024414 0.013672
0 0.297363 0.114258 0.018555 0.013672
0 0.328613 0.094238 0.024414 0.012695
0 0.296387 0.149902 0.018555 0.012695
0 0.273438 0.168945 0.017578 0.013672
0 0.323730 0.169434 0.018555 0.016602
0 0.301758 0.192871 0.017578 0.012695
0 0.324219 0.130859 0.015625 0.015625
0 0.355957 0.117188 0.022461 0.013672
0 0.360840 0.152832 0.018555 0.010742
0 0.390137 0.150391 0.018555 0.015625
0 0.356934 0.184082 0.026367 0.014648
0 0.330078 0.206543 0.023438 0.016602
0 0.113770 0.315918 0.022461 0.010742
0 0.103516 0.343262 0.017578 0.012695
0 0.083008 0.364746 0.023438 0.018555
0 0.117676 0.374023 0.026367 0.015625
0 0.140137 0.343262 0.018555 0.014648
0 0.150879 0.316406 0.018555 0.013672
0 0.135742 0.292969 0.017578 0.009766
0 0.159668 0.287598 0.018555 0.018555
0 0.164349 0.282912 0.021062 0.020296
0 0.191406 0.288086 0.021484 0.015625
0 0.181641 0.318848 0.013672 0.016602
0 0.177246 0.336914 0.014648 0.009766
0 0.201660 0.357422 0.024414 0.013672
0 0.166016 0.365234 0.023438 0.015625
0 0.148926 0.395996 0.018555 0.014648
0 0.176758 0.415039 0.027344 0.011719
0 0.201172 0.388672 0.021484 0.013672
0 0.231934 0.376953 0.022461 0.011719
0 0.239746 0.348145 0.022461 0.012695
0 0.213379 0.320801 0.022461 0.016602
0 0.245117 0.318359 0.017578 0.011719
0 0.262695 0.293457 0.023438 0.012695
0 0.228131 0.288180 0.022254 0.019344
0 0.256348 0.266602 0.018555 0.013672
0 0.222748 0.280614 0.024508 0.014169
0 0.072754 0.506348 0.022461 0.012695
0 0.101074 0.483887 0.026367 0.012695
0 0.114258 0.512207 0.031250 0.012695
0 0.144531 0.514648 0.025391 0.021484
0 0.137207 0.614258 0.014648 0.015625
0 0.174316 0.693848 0.018555 0.012695
0 0.176758 0.660645 0.021484 0.010742
0 0.172363 0.627930 0.016602 0.013672
0 0.209473 0.641602 0.022461 0.013672
0 0.204590 0.606445 0.018555 0.015625
0 0.228516 0.587891 0.023438 0.013672
0 0.237305 0.617188 0.013672 0.011719
0 0.258301 0.598145 0.022461 0.018555
0 0.266113 0.637695 0.016602 0.011719
0 0.237305 0.654297 0.015625 0.013672
0 0.271484 0.665527 0.023438 0.012695
0 0.237305 0.687988 0.013672 0.014648
0 0.236328 0.717773 0.021484 0.013672
0 0.258301 0.719238 0.018555 0.022461
0 0.242188 0.746094 0.023438 0.015625
0 0.285156 0.695312 0.017578 0.013672
0 0.318359 0.679199 0.017578 0.016602
0 0.319336 0.711914 0.021484 0.013672
0 0.345703 0.698242 0.021484 0.013672
0 0.345703 0.736328 0.013672 0.013672
0 0.317383 0.761230 0.021484 0.014648
0 0.298828 0.787109 0.023438 0.013672
0 0.281250 0.760254 0.011719 0.012695
0 0.338867 0.781738 0.015625 0.012695
0 0.369141 0.765625 0.021484 0.013672
0 0.364387 0.798482 0.021743 0.026083
0 0.282227 0.875000 0.015625 0.023438
0 0.303223 0.897461 0.022461 0.017578
0 0.338338 0.867327 0.047934 0.046595
0 0.377441 0.904785 0.026367 0.014648
0 0.388184 0.854980 0.024414 0.022461
0 0.402344 0.881348 0.023438 0.014648
0 0.440918 0.870605 0.032227 0.022461
0 0.450195 0.830566 0.027344 0.022461
0 0.386230 0.822266 0.018555 0.013672
0 0.395923 0.786754 0.018409 0.020243
0 0.376953 0.709473 0.025391 0.014648
0 0.378418 0.739258 0.024414 0.011719
0 0.406250 0.723145 0.011719 0.014648
0 0.404297 0.759766 0.015625 0.011719
0 0.437500 0.742676 0.015625 0.012695
0 0.442871 0.713867 0.024414 0.017578
0 0.473633 0.732910 0.015625 0.014648
0 0.462891 0.762207 0.021484 0.014648
0 0.430664 0.774414 0.017578 0.015625
0 0.480957 0.814453 0.028320 0.015625
0 0.503906 0.745117 0.017578 0.015625
0 0.537598 0.737305 0.024414 0.013672
0 0.544434 0.768066 0.022461 0.014648
0 0.545898 0.799316 0.021484 0.014648
0 0.572754 0.782715 0.022461 0.014648
0 0.586426 0.744629 0.032227 0.016602
0 0.473145 0.939453 0.018555 0.013672
0 0.437988 0.916992 0.024414 0.017578
0 0.500000 0.933105 0.021484 0.014648
0 0.481445 0.971191 0.017578 0.014648
0 0.439941 0.988770 0.016602 0.020508
0 0.395508 0.979980 0.027344 0.018555
0 0.519531 0.958984 0.023438 0.011719
0 0.535156 0.987305 0.015625 0.023438
0 0.563477 0.966797 0.025391 0.021484
0 0.533691 0.936035 0.022461 0.012695
0 0.582031 0.933594 0.031250 0.017578
0 0.549805 0.907715 0.017578 0.010742
0 0.520508 0.908203 0.023438 0.011719
0 0.625488 0.921875 0.024414 0.017578
0 0.608398 0.964844 0.023438 0.021484
0 0.652344 0.979492 0.015625 0.013672
0 0.674316 0.959473 0.022461 0.012695
0 0.682129 0.990723 0.018555 0.016602
0 0.707520 0.970215 0.018555 0.012695
0 0.726058 0.995825 0.028582 0.008351
0 0.861756 0.986720 0.039918 0.024608
0 0.884766 0.962891 0.025391 0.017578
0 0.924805 0.962891 0.027344 0.015625
0 0.912115 0.992567 0.017023 0.014866
0 0.959419 0.987035 0.032119 0.023977
0 0.988895 0.978619 0.022209 0.027321
0 0.965332 0.949219 0.022461 0.015625
0 0.992188 0.928711 0.013672 0.017578
0 0.716309 0.830078 0.024414 0.021484
0 0.761230 0.827148 0.030273 0.015625
0 0.698730 0.883301 0.026367 0.014648
0 0.562500 0.862305 0.021484 0.017578
0 0.710449 0.761230 0.026367 0.014648
0 0.674805 0.765137 0.017578 0.016602
0 0.647949 0.776855 0.016602 0.018555
0 0.610352 0.779297 0.021484 0.015625
0 0.657227 0.741699 0.017578 0.014648
0 0.688965 0.735352 0.028320 0.015625
0 0.635254 0.717285 0.018555 0.014648
0 0.538086 0.707520 0.017578 0.012695
0 0.502930 0.715332 0.017578 0.012695
0 0.510254 0.684570 0.026367 0.013672
0 0.474609 0.694336 0.021484 0.013672
0 0.410156 0.694336 0.021484 0.013672
0 0.440430 0.677246 0.015625 0.014648
0 0.410645 0.664062 0.014648 0.013672
0 0.374023 0.681152 0.021484 0.014648
0 0.376465 0.649414 0.024414 0.013672
0 0.346191 0.669434 0.016602 0.012695
0 0.335938 0.637695 0.017578 0.013672
0 0.301758 0.651855 0.017578 0.012695
0 0.300781 0.623535 0.021484 0.014648
0 0.333984 0.605469 0.025391 0.013672
0 0.295898 0.593262 0.017578 0.012695
0 0.319336 0.538574 0.060547 0.077148
0 0.394531 0.575684 0.035156 0.049805
0 0.249512 0.562988 0.022461 0.012695
0 0.274902 0.533691 0.018555 0.012695
0 0.345703 0.549316 0.017578 0.012695
0 0.417480 0.570312 0.022461 0.011719
0 0.426758 0.605469 0.023438 0.013672
0 0.364746 0.616699 0.022461 0.014648
0 0.434570 0.642578 0.015625 0.011719
0 0.473633 0.649902 0.023438 0.014648
0 0.510254 0.656250 0.022461 0.011719
0 0.542969 0.674316 0.021484 0.014648
0 0.544434 0.641602 0.024414 0.015625
0 0.504395 0.627441 0.022461 0.012695
0 0.490234 0.599609 0.013672 0.011719
0 0.458496 0.583984 0.016602 0.013672
0 0.492188 0.572266 0.017578 0.013672
0 0.520020 0.585449 0.016602 0.012695
0 0.538574 0.612305 0.014648 0.011719
0 0.569336 0.601562 0.017578 0.015625
0 0.584961 0.627441 0.023438 0.014648
0 0.615723 0.637207 0.024414 0.016602
0 0.634766 0.622070 0.021484 0.013672
0 0.607422 0.599121 0.015625 0.012695
0 0.641113 0.589355 0.024414 0.016602
0 0.667480 0.621094 0.024414 0.011719
0 0.649902 0.647461 0.022461 0.013672
0 0.387217 0.559087 0.041741 0.019913
0 0.398332 0.537806 0.029507 0.011160
0 0.431152 0.532227 0.018555 0.013672
0 0.465820 0.518555 0.021484 0.021484
0 0.459473 0.549805 0.022461 0.013672
0 0.372070 0.527344 0.023438 0.013672
0 0.363770 0.495605 0.018555 0.014648
0 0.338379 0.518555 0.014648 0.015625
0 0.209961 0.672852 0.023438 0.011719
0 0.165039 0.538086 0.023438 0.013672
0 0.206055 0.539062 0.021484 0.013672
0 0.187988 0.512207 0.022461 0.012695
0 0.218262 0.507324 0.022461 0.012695
0 0.163574 0.470703 0.032227 0.017578
0 0.206055 0.478027 0.015625 0.014648
0 0.141602 0.442871 0.023438 0.014648
0 0.184082 0.446777 0.018555 0.012695
0 0.215820 0.436523 0.025391 0.015625
0 0.248535 0.437500 0.016602 0.013672
0 0.268555 0.459961 0.017578 0.015625
0 0.237793 0.477051 0.016602 0.012695
0 0.255371 0.508789 0.024414 0.011719
0 0.282227 0.483398 0.015625 0.011719
0 0.304688 0.462402 0.011719 0.010742
0 0.396484 0.506348 0.021484 0.010742
0 0.395020 0.478027 0.022461 0.014648
0 0.366211 0.461426 0.025391 0.012695
0 0.333008 0.450195 0.021484 0.013672
0 0.360840 0.437500 0.014648 0.015625
0 0.294922 0.434570 0.021484 0.015625
0 0.270020 0.416504 0.012695 0.012695
0 0.237305 0.406250 0.025391 0.015625
0 0.272949 0.384766 0.018555 0.013672
0 0.302734 0.402832 0.017578 0.012695
0 0.330566 0.419922 0.024414 0.021484
0 0.339355 0.387207 0.018555 0.016602
0 0.370605 0.405762 0.016602 0.012695
0 0.394043 0.424316 0.016602 0.018555
0 0.401367 0.390625 0.025391 0.017578
0 0.428711 0.417480 0.017578 0.012695
0 0.456055 0.447266 0.015625 0.021484
0 0.438477 0.471191 0.021484 0.012695
0 0.432129 0.500977 0.022461 0.013672
0 0.475586 0.492676 0.017578 0.014648
0 0.477539 0.461426 0.023438 0.012695
0 0.483398 0.432617 0.023438 0.013672
0 0.456055 0.410156 0.023438 0.015625
0 0.520508 0.448242 0.021484 0.015625
0 0.500977 0.509766 0.021484 0.011719
0 0.499512 0.539062 0.024414 0.013672
0 0.523926 0.554199 0.016602 0.014648
0 0.535156 0.526367 0.023438 0.013672
0 0.550232 0.496297 0.012817 0.030843
0 0.531428 0.497012 0.021983 0.035079
0 0.570801 0.516113 0.018555 0.014648
0 0.559082 0.548340 0.022461 0.012695
0 0.548828 0.575684 0.017578 0.014648
0 0.594238 0.541992 0.016602 0.013672
0 0.587402 0.572754 0.018555 0.014648
0 0.622070 0.568359 0.023438 0.017578
0 0.623535 0.568359 0.022461 0.017578
0 0.654785 0.560547 0.022461 0.013672
0 0.630371 0.534668 0.016602 0.016602
0 0.606445 0.509766 0.015625 0.013672
0 0.715332 0.684570 0.018555 0.015625
0 0.985840 0.813965 0.026367 0.016602
0 0.943848 0.806152 0.024414 0.012695
0 0.960051 0.795262 0.017306 0.019644
0 0.978526 0.783803 0.020580 0.024789
0 0.934082 0.775391 0.024414 0.015625
0 0.940918 0.749512 0.022461 0.012695
0 0.964355 0.760742 0.018555 0.011719
0 0.963867 0.729980 0.023438 0.016602
0 0.963379 0.699219 0.018555 0.013672
0 0.927734 0.691406 0.021484 0.013672
0 0.933105 0.718750 0.018555 0.009766
0 0.842285 0.695801 0.030273 0.018555
0 0.779297 0.723145 0.027344 0.018555
0 0.981445 0.675293 0.025391 0.014648
0 0.915527 0.662598 0.022461 0.014648
0 0.948242 0.669434 0.015625 0.012695
0 0.972656 0.646973 0.025391 0.010742
0 0.944824 0.637207 0.014648 0.018555
0 0.904785 0.635742 0.024414 0.013672
0 0.880859 0.641113 0.017578 0.016602
0 0.890625 0.606934 0.021484 0.012695
0 0.921875 0.609375 0.021484 0.011719
0 0.960938 0.614746 0.011719 0.012695
0 0.941576 0.578472 0.034612 0.021048
0 0.908203 0.541016 0.029297 0.064453
0 0.903809 0.581543 0.018555 0.010742
0 0.870605 0.573730 0.024414 0.014648
0 0.807129 0.607422 0.022461 0.015625
0 0.723145 0.631348 0.016602 0.014648
0 0.699707 0.606934 0.022461 0.014648
0 0.676270 0.583008 0.022461 0.013672
0 0.717773 0.582031 0.023438 0.011719
0 0.741211 0.604980 0.021484 0.012695
0 0.771484 0.595215 0.015625 0.010742
0 0.762207 0.626465 0.018555 0.014648
0 0.756836 0.575684 0.025391 0.010742
0 0.699219 0.559082 0.023438 0.012695
0 0.729980 0.549316 0.024414 0.012695
0 0.773926 0.548828 0.022461 0.013672
0 0.694336 0.529297 0.021484 0.013672
0 0.725098 0.522461 0.018555 0.011719
0 0.762695 0.518066 0.017578 0.012695
0 0.641113 0.504395 0.024414 0.014648
0 0.674316 0.504883 0.018555 0.011719
0 0.706055 0.499023 0.023438 0.015625
0 0.832520 0.577637 0.018555 0.026367
0 0.814941 0.548340 0.022461 0.012695
0 0.851074 0.552734 0.016602 0.011719
0 0.831055 0.525391 0.021484 0.013672
0 0.860840 0.524902 0.022461 0.014648
0 0.957198 0.537975 0.021152 0.015848
0 0.972347 0.565832 0.024322 0.024789
0 0.983887 0.518066 0.018555 0.014648
0 0.927734 0.517578 0.013672 0.011719
0 0.951660 0.499512 0.014648 0.012695
0 0.815430 0.493164 0.021484 0.013672
0 0.919922 0.494141 0.021484 0.013672
0 0.873535 0.485352 0.016602 0.013672
0 0.848633 0.501465 0.015625 0.014648
0 0.841797 0.471191 0.021484 0.010742
0 0.779785 0.494629 0.022461 0.012695
0 0.793945 0.471191 0.015625 0.012695
0 0.763184 0.466309 0.014648 0.010742
0 0.738770 0.490234 0.016602 0.013672
0 0.718262 0.464844 0.016602 0.015625
0 0.684570 0.475586 0.023438 0.011719
0 0.651855 0.474121 0.022461 0.012695
0 0.616211 0.478027 0.015625 0.016602
0 0.568359 0.478516 0.017578 0.023438
0 0.583410 0.491107 0.014499 0.036015
0 0.901855 0.469238 0.018555 0.014648
0 0.936523 0.466797 0.011719 0.009766
0 0.876953 0.445312 0.023438 0.015625
0 0.817383 0.449219 0.021484 0.011719
0 0.850098 0.426758 0.022461 0.013672
0 0.917480 0.437500 0.014648 0.013672
0 0.951660 0.440430 0.016602 0.007812
0 0.937988 0.413086 0.022461 0.013672
0 0.970215 0.411621 0.014648 0.012695
0 0.974307 0.467178 0.030645 0.018769
0 0.988261 0.437267 0.021444 0.014138
0 0.809570 0.421875 0.021484 0.013672
0 0.778809 0.440430 0.028320 0.011719
0 0.739746 0.439453 0.018555 0.011719
0 0.715820 0.435059 0.011719 0.022461
0 0.770508 0.415039 0.015625 0.011719
0 0.738770 0.408691 0.018555 0.012695
0 0.702148 0.398438 0.021484 0.013672
0 0.669434 0.414062 0.022461 0.013672
0 0.654785 0.440918 0.022461 0.014648
0 0.683594 0.448730 0.027344 0.014648
0 0.623535 0.449707 0.014648 0.012695
0 0.584961 0.454102 0.017578 0.013672
0 0.594727 0.426270 0.021484 0.012695
0 0.560547 0.437988 0.013672 0.012695
0 0.565430 0.405762 0.021484 0.014648
0 0.626953 0.386719 0.015625 0.013672
0 0.588684 0.384746 0.032741 0.021048
0 0.655762 0.386719 0.022461 0.017578
0 0.635254 0.415039 0.016602 0.011719
0 0.689941 0.372070 0.022461 0.013672
0 0.724609 0.376465 0.017578 0.014648
0 0.710938 0.347656 0.017578 0.013672
0 0.743164 0.345215 0.021484 0.014648
0 0.817871 0.339355 0.014648 0.014648
0 0.875488 0.316406 0.022461 0.013672
0 0.853516 0.357910 0.017578 0.012695
0 0.836914 0.323242 0.023438 0.015625
0 0.808594 0.304688 0.017578 0.011719
0 0.774414 0.294434 0.021484 0.012695
0 0.818359 0.370605 0.017578 0.014648
0 0.760444 0.380852 0.035547 0.023854
0 0.791080 0.391142 0.028531 0.026660
0 0.875738 0.373135 0.030402 0.019644
0 0.912598 0.366211 0.018555 0.015625
0 0.888184 0.344727 0.024414 0.013672
0 0.945801 0.356934 0.018555 0.014648
0 0.923828 0.328613 0.017578 0.012695
0 0.957520 0.327637 0.022461 0.012695
0 0.938965 0.299805 0.016602 0.015625
0 0.972168 0.300781 0.016602 0.015625
0 0.984375 0.355957 0.023438 0.014648
0 0.988968 0.329871 0.022064 0.021048
0 0.925781 0.270996 0.023438 0.014648
0 0.965332 0.265625 0.018555 0.013672
0 0.903320 0.294922 0.021484 0.011719
0 0.873047 0.283203 0.015625 0.011719
0 0.833496 0.272949 0.018555 0.012695
0 0.863281 0.251465 0.017578 0.014648
0 0.274414 0.356445 0.021484 0.013672
0 0.273926 0.323730 0.018555 0.014648
0 0.312012 0.341309 0.016602 0.018555
0 0.295898 0.297852 0.021484 0.013672
0 0.298828 0.270996 0.021484 0.012695
0 0.328613 0.264648 0.022461 0.011719
0 0.336426 0.294922 0.026367 0.013672
0 0.366699 0.277344 0.024414 0.015625
0 0.340820 0.238281 0.021484 0.013672
0 0.379395 0.308594 0.030273 0.011719
0 0.384766 0.339355 0.021484 0.012695
0 0.371094 0.371094 0.017578 0.015625
0 0.415527 0.324219 0.016602 0.013672
0 0.414062 0.355957 0.017578 0.014648
0 0.451172 0.344727 0.017578 0.013672
0 0.437500 0.382812 0.017578 0.015625
0 0.475098 0.316895 0.022461 0.012695
0 0.481934 0.347168 0.024414 0.016602
0 0.504395 0.371094 0.024414 0.013672
0 0.497559 0.404785 0.018555 0.012695
0 0.525879 0.417969 0.016602 0.011719
0 0.539551 0.389160 0.018555 0.012695
0 0.562012 0.369141 0.022461 0.011719
0 0.528809 0.347656 0.024414 0.013672
0 0.505371 0.334961 0.012695 0.009766
0 0.542480 0.317383 0.018555 0.013672
0 0.567871 0.338379 0.018555 0.014648
0 0.597168 0.328613 0.022461 0.014648
0 0.573730 0.305664 0.022461 0.015625
0 0.612793 0.329590 0.016602 0.014648
0 0.595215 0.360352 0.018555 0.011719
0 0.508301 0.301270 0.022461 0.014648
0 0.479492 0.286621 0.021484 0.012695
0 0.450195 0.268066 0.021484 0.014648
0 0.411621 0.249023 0.024414 0.013672
0 0.375488 0.243164 0.024414 0.013672
0 0.400879 0.217773 0.024414 0.013672
0 0.367188 0.211914 0.021484 0.015625
0 0.388184 0.188477 0.022461 0.013672
0 0.428223 0.168945 0.014648 0.011719
0 0.433105 0.202637 0.022461 0.016602
0 0.462402 0.185547 0.016602 0.015625
0 0.445801 0.235352 0.022461 0.015625
0 0.475098 0.217285 0.022461 0.016602
0 0.500000 0.195312 0.025391 0.011719
0 0.480957 0.253418 0.016602 0.016602
0 0.541992 0.211914 0.021484 0.017578
0 0.574707 0.213867 0.024414 0.013672
0 0.545898 0.248535 0.023438 0.012695
0 0.518066 0.268066 0.016602 0.010742
0 0.545410 0.286133 0.022461 0.017578
0 0.583008 0.272461 0.015625 0.011719
0 0.608887 0.295898 0.022461 0.013672
0 0.555943 0.272960 0.027128 0.029467
0 0.640625 0.328125 0.021484 0.013672
0 0.634766 0.358398 0.023438 0.015625
0 0.673828 0.345215 0.017578 0.016602
0 0.714844 0.316895 0.023438 0.014648
0 0.681152 0.310547 0.016602 0.015625
0 0.702637 0.283203 0.016602 0.011719
0 0.735840 0.294922 0.024414 0.013672
0 0.732422 0.262207 0.027344 0.016602
0 0.769043 0.257812 0.016602 0.011719
0 0.789551 0.232910 0.022461 0.012695
0 0.796875 0.270996 0.017578 0.010742
0 0.963379 0.236328 0.018555 0.013672
0 0.925781 0.239258 0.021484 0.011719
0 0.944824 0.194824 0.022461 0.010742
0 0.919434 0.208984 0.018555 0.013672
0 0.877930 0.203613 0.025391 0.012695
0 0.853027 0.221680 0.016602 0.013672
0 0.828613 0.242676 0.018555 0.012695
0 0.822266 0.212891 0.023438 0.015625
0 0.787109 0.200195 0.023438 0.021484
0 0.750000 0.209961 0.011719 0.011719
0 0.726074 0.231445 0.018555 0.011719
0 0.687012 0.228516 0.024414 0.015625
0 0.656738 0.236816 0.016602 0.010742
0 0.624512 0.231934 0.018555 0.016602
0 0.588867 0.243164 0.021484 0.013672
0 0.608887 0.211914 0.024414 0.023438
0 0.642090 0.207520 0.024414 0.012695
0 0.641113 0.178711 0.018555 0.009766
0 0.605957 0.177246 0.022461 0.014648
0 0.622070 0.150391 0.025391 0.011719
0 0.586426 0.151367 0.018555 0.011719
0 0.571777 0.125977 0.018555 0.013672
0 0.552734 0.149902 0.027344 0.010742
0 0.562988 0.185547 0.018555 0.013672
0 0.527344 0.171387 0.017578 0.012695
0 0.495117 0.164551 0.023438 0.016602
0 0.518540 0.146221 0.007782 0.022011
0 0.523438 0.144043 0.017578 0.026367
0 0.481934 0.139160 0.016602 0.012695
0 0.454102 0.150391 0.023438 0.015625
0 0.673152 0.276105 0.065054 0.059119
0 0.390625 0.042480 0.021484 0.014648
0 0.364746 0.084961 0.026367 0.011719
0 0.419922 0.059570 0.027344 0.015625
0 0.416504 0.022949 0.018555 0.012695
0 0.450684 0.017578 0.014648 0.015625
0 0.452148 0.050781 0.017578 0.015625
0 0.475098 0.063477 0.018555 0.017578
0 0.455078 0.113770 0.023438 0.016602
0 0.449219 0.084473 0.021484 0.012695
0 0.479492 0.092285 0.017578 0.012695
0 0.516602 0.083496 0.021484 0.012695
0 0.511719 0.113281 0.021484 0.013672
0 0.549805 0.097656 0.017578 0.017578
0 0.502930 0.055664 0.017578 0.013672
0 0.479492 0.031250 0.021484 0.013672
0 0.518066 0.026855 0.016602 0.012695
0 0.556641 0.028809 0.021484 0.010742
0 0.541504 0.057617 0.018555 0.017578
0 0.571289 0.071289 0.015625 0.013672
0 0.586914 0.099609 0.021484 0.013672
0 0.601699 0.031973 0.027071 0.063946
0 0.617188 0.094238 0.017578 0.012695
0 0.644043 0.068359 0.024414 0.011719
0 0.600090 0.064413 0.027596 0.028999
0 0.588867 0.033203 0.021484 0.011719
0 0.650879 0.013672 0.014648 0.015625
0 0.684082 0.014160 0.018555 0.014648
0 0.682129 0.070801 0.018555 0.012695
0 0.657715 0.095215 0.022461 0.014648
0 0.640625 0.126465 0.015625 0.014648
0 0.608398 0.123535 0.017578 0.014648
0 0.673340 0.125000 0.014648 0.011719
0 0.655762 0.152832 0.018555 0.012695
0 0.684082 0.151855 0.018555 0.010742
0 0.704815 0.124126 0.024406 0.014730
0 0.727051 0.162598 0.022461 0.016602
0 0.723145 0.135742 0.016602 0.013672
0 0.724609 0.102051 0.021484 0.012695
0 0.753906 0.079102 0.021484 0.015625
0 0.718750 0.071777 0.017578 0.012695
0 0.737305 0.049805 0.017578 0.011719
0 0.724609 0.016602 0.017578 0.013672
0 0.703613 0.045410 0.016602 0.014648
0 0.758301 0.022949 0.022461 0.014648
0 0.772461 0.050781 0.017578 0.011719
0 0.791992 0.026367 0.021484 0.013672
0 0.819824 0.006836 0.024414 0.013672
0 0.827148 0.038086 0.015625 0.013672
0 0.855469 0.017090 0.023438 0.016602
0 0.808105 0.063477 0.022461 0.015625
0 0.787109 0.088379 0.021484 0.014648
0 0.762207 0.107422 0.018555 0.011719
0 0.817871 0.101562 0.022461 0.013672
0 0.813477 0.182617 0.021484 0.013672
0 0.833496 0.128906 0.022461 0.013672
0 0.840735 0.160724 0.028999 0.018241
0 0.845703 0.193359 0.021484 0.013672
0 0.872608 0.166804 0.016701 0.019177
0 0.884233 0.168899 0.016838 0.019624
0 0.916992 0.174805 0.017578 0.013672
0 0.865234 0.139648 0.027344 0.011719
0 0.885742 0.116211 0.021484 0.013672
0 0.868164 0.081055 0.021484 0.013672
0 0.836914 0.072754 0.017578 0.014648
0 0.858887 0.048828 0.022461 0.013672
0 0.896973 0.054688 0.022461 0.013672
0 0.898926 0.088867 0.024414 0.015625
0 0.921387 0.108398 0.022461 0.021484
0 0.953613 0.127441 0.022461 0.012695
0 0.906250 0.144531 0.017578 0.015625
0 0.943359 0.151855 0.023438 0.012695
0 0.968262 0.173828 0.022461 0.009766
0 0.985840 0.145508 0.018555 0.013672
0 0.979492 0.208008 0.015625 0.011719
0 0.921387 0.032715 0.022461 0.012695
0 0.930176 0.064941 0.018555 0.014648
0 0.963867 0.048340 0.021484 0.014648
0 0.915039 0.005859 0.021484 0.011719
0 0.978027 0.015625 0.022461 0.013672
0 0.986816 0.039062 0.024414 0.013672
0 0.983887 0.071777 0.018555 0.012695
0 0.806641 0.149902 0.021484 0.014648
0 0.750000 0.182617 0.021484 0.011719
0 0.708984 0.194336 0.033203 0.013672
0 0.686362 0.184198 0.024789 0.018241
0 0.829252 0.399141 0.032741 0.022451
0 0.882324 0.546875 0.016602 0.011719
0 0.315430 0.964355 0.031250 0.018555
0 0.335877 0.994982 0.037679 0.010036
0 0.133177 0.988353 0.032795 0.023293
