0 0.864083 0.144369 0.067433 0.037412
0 0.743348 0.371963 0.053133 0.052783
0 0.354644 0.200934 0.063871 0.054029
0 0.702781 0.308077 0.029637 0.041827
0 0.281306 0.487626 0.054158 0.048547
0 0.699322 0.433713 0.064534 0.057395
0 0.922252 0.381574 0.044775 0.055564
0 0.206788 0.352981 0.028355 0.038730
0 0.540990 0.300735 0.048973 0.039378
0 0.053164 0.391956 0.050229 0.033693
0 0.459914 0.694234 0.018172 0.014611
0 0.350726 0.359080 0.053390 0.048890
0 0.219930 0.527893 0.058816 0.047232
0 0.070065 0.478665 0.053491 0.043499
0 0.009330 0.458587 0.018660 0.026183
0 0.106064 0.425088 0.039274 0.043894
0 0.155734 0.386969 0.030290 0.049798
0 0.129166 0.465132 0.029520 0.037220
0 0.030853 0.540831 0.036194 0.041071
0 0.085529 0.524274 0.035680 0.041328
0 0.041676 0.642889 0.083351 0.059348
0 0.020531 0.819070 0.028411 0.049878
0 0.010423 0.774559 0.020846 0.040407
0 0.031264 0.743938 0.018310 0.037250
0 0.049889 0.730995 0.034094 0.040407
0 0.018321 0.694376 0.027780 0.035356
0 0.022740 0.587992 0.039144 0.029674
0 0.053677 0.581363 0.034094 0.034094
0 0.089349 0.589570 0.037250 0.025254
0 0.112394 0.564000 0.044195 0.027149
0 0.153748 0.511281 0.024623 0.040407
0 0.203941 0.454459 0.047984 0.031568
0 0.199206 0.490446 0.038513 0.027780
0 0.293650 0.371845 0.042301 0.043564
0 0.249139 0.343118 0.040407 0.041670
0 0.332479 0.460867 0.034094 0.053666
0 0.402560 0.412568 0.053034 0.036619
0 0.008083 0.945880 0.016166 0.044195
0 0.031319 0.877061 0.029043 0.049246
0 0.036686 0.921888 0.044827 0.037882
0 0.040474 0.973660 0.042301 0.042933
0 0.074903 0.888122 0.030895 0.052055
0 0.070671 0.838182 0.025816 0.046130
0 0.091196 0.939966 0.030471 0.044861
0 0.095640 0.980986 0.032588 0.038027
0 0.113415 0.899125 0.030895 0.036820
0 0.125688 0.854688 0.039359 0.041898
0 0.172242 0.883466 0.028355 0.056288
0 0.140289 0.932982 0.039782 0.045284
0 0.136904 0.982075 0.032164 0.033434
0 0.181976 0.971072 0.038513 0.039359
0 0.192345 0.922825 0.035550 0.036820
0 0.221758 0.887487 0.034280 0.033857
0 0.228530 0.952874 0.030048 0.034280
0 0.265984 0.972765 0.036396 0.036820
0 0.256803 0.915608 0.019726 0.043637
0 0.306401 0.883466 0.025816 0.044438
0 0.317193 0.929174 0.035550 0.027509
0 0.331582 0.980563 0.036396 0.038874
0 0.353590 0.899337 0.019468 0.038936
0 0.387024 0.885159 0.056711 0.047823
0 0.406078 0.921136 0.056691 0.046137
0 0.393372 0.982468 0.034704 0.035065
0 0.482882 0.940600 0.014813 0.043591
0 0.452410 0.944198 0.046977 0.044861
0 0.457066 0.895105 0.033434 0.042321
0 0.517585 0.920498 0.024123 0.047400
0 0.509967 0.868231 0.050363 0.030895
0 0.042469 0.787164 0.027509 0.032588
0 0.067438 0.790126 0.035127 0.029202
0 0.102988 0.800072 0.030895 0.053325
0 0.148272 0.818058 0.045284 0.050363
0 0.163720 0.825253 0.030471 0.039359
0 0.196096 0.792666 0.035127 0.039359
0 0.208369 0.799649 0.035973 0.044014
0 0.141289 0.781874 0.025393 0.046554
0 0.166894 0.777430 0.020738 0.047823
0 0.099814 0.737436 0.049093 0.033857
0 0.105104 0.753730 0.044438 0.027509
0 0.766129 0.284038 0.052668 0.038808
0 0.813773 0.308293 0.025294 0.045045
0 0.880474 0.305001 0.042966 0.031531
0 0.931409 0.313837 0.036729 0.034650
0 0.971257 0.356629 0.017325 0.045391
0 0.818278 0.361654 0.029452 0.047817
0 0.867480 0.411030 0.023908 0.040540
0 0.956704 0.435532 0.043659 0.030838
0 0.912525 0.546377 0.014206 0.038808
0 0.894854 0.536501 0.035689 0.029452
0 0.839241 0.500466 0.037422 0.045391
0 0.773752 0.517964 0.034650 0.021483
0 0.781375 0.509301 0.047124 0.028413
0 0.767342 0.455594 0.048856 0.049203
0 0.833350 0.545753 0.034650 0.036729
0 0.862456 0.546792 0.026334 0.038808
0 0.955409 0.542058 0.031531 0.059944
0 0.987980 0.550548 0.016978 0.054747
0 0.953850 0.625045 0.020097 0.038808
0 0.903954 0.645662 0.024255 0.044005
0 0.894772 0.684123 0.018364 0.043312
0 0.945707 0.674594 0.034303 0.051282
0 0.987147 0.651206 0.025707 0.041926
0 0.986280 0.697636 0.027439 0.041233
0 0.889054 0.732447 0.031185 0.037768
0 0.917640 0.768136 0.031531 0.041233
0 0.945880 0.722571 0.027720 0.029106
0 0.973254 0.754449 0.034650 0.033264
0 0.971348 0.803652 0.026680 0.037422
0 0.870006 0.802569 0.029452 0.047470
0 0.892528 0.859395 0.025987 0.046777
0 0.846790 0.857489 0.024601 0.046431
0 0.838301 0.905246 0.028413 0.044005
0 0.887850 0.913388 0.029799 0.038115
0 0.938439 0.896410 0.027027 0.038115
0 0.948314 0.845301 0.044005 0.028759
0 0.883173 0.970387 0.035689 0.045391
0 0.926138 0.947692 0.034996 0.040194
0 0.973089 0.936604 0.031878 0.041580
0 0.948661 0.980609 0.031531 0.033957
0 0.846483 0.943980 0.031531 0.036382
0 0.798666 0.950044 0.030838 0.042966
0 0.816337 0.980362 0.048163 0.023908
0 0.769560 0.983827 0.023908 0.032224
0 0.676027 0.985906 0.029799 0.026680
0 0.705133 0.954721 0.034650 0.040540
0 0.720205 0.987639 0.029452 0.022522
0 0.753469 0.944673 0.029452 0.044005
0 0.749311 0.894950 0.030145 0.045045
0 0.790891 0.898069 0.034303 0.030492
0 0.625784 0.976551 0.030492 0.040540
0 0.658875 0.948484 0.041233 0.048856
0 0.581121 0.953335 0.028759 0.030145
0 0.619236 0.921631 0.021136 0.049203
0 0.654232 0.893564 0.043312 0.036036
0 0.474893 0.981922 0.049549 0.025641
0 0.527907 0.960612 0.033610 0.030838
0 0.122475 0.611722 0.034942 0.046021
0 0.174462 0.617261 0.026420 0.036647
0 0.170627 0.569535 0.044317 0.029829
0 0.154860 0.650073 0.050283 0.037499
0 0.179576 0.695668 0.031533 0.040056
0 0.157843 0.730184 0.030681 0.028976
0 0.094590 0.695544 0.067352 0.030870
0 0.196507 0.747462 0.019644 0.044902
0 0.223869 0.720100 0.033208 0.028531
0 0.240473 0.765937 0.029934 0.045369
0 0.268069 0.734366 0.035547 0.065481
0 0.210305 0.838832 0.036015 0.032273
0 0.256376 0.804922 0.034612 0.048643
0 0.295899 0.764931 0.031338 0.065014
0 0.322091 0.728215 0.036015 0.047708
0 0.338228 0.779665 0.043966 0.043966
0 0.274851 0.847952 0.042563 0.037418
0 0.313204 0.827840 0.037886 0.040224
0 0.372138 0.821526 0.032273 0.041627
0 0.348050 0.859178 0.035547 0.043031
0 0.272746 0.912265 0.020580 0.043498
0 0.241508 0.992214 0.028531 0.015571
0 0.428715 0.874981 0.035547 0.044902
0 0.418425 0.830313 0.047708 0.041627
0 0.415619 0.791258 0.034612 0.039289
0 0.355750 0.690464 0.018709 0.046305
0 0.309913 0.675964 0.025257 0.043498
0 0.288865 0.683448 0.038353 0.030402
0 0.377265 0.721100 0.043966 0.016838
0 0.431053 0.727882 0.037418 0.037886
0 0.454440 0.813943 0.035547 0.025725
0 0.515945 0.827039 0.038821 0.033208
0 0.566694 0.865627 0.031805 0.052385
0 0.612531 0.826805 0.036483 0.041160
0 0.611829 0.874513 0.032273 0.046772
0 0.568798 0.910060 0.046305 0.041160
0 0.565328 0.342697 0.052919 0.025309
0 0.665990 0.267344 0.051769 0.024159
0 0.623999 0.345573 0.055220 0.037964
0 0.238784 0.678736 0.043421 0.034116
0 0.201825 0.653149 0.031532 0.043938
0 0.219917 0.603525 0.050141 0.022227
0 0.253258 0.630405 0.045489 0.027397
0 0.263596 0.648497 0.021710 0.042904
0 0.261012 0.561913 0.034116 0.041353
0 0.239818 0.564240 0.027913 0.054276
0 0.216815 0.556227 0.030498 0.041353
0 0.295903 0.589568 0.048073 0.040836
0 0.294094 0.536585 0.049624 0.017575
0 0.322783 0.530640 0.048073 0.020160
0 0.360001 0.514357 0.039803 0.044455
0 0.357416 0.544855 0.038769 0.040319
0 0.307534 0.628337 0.043421 0.039803
0 0.331054 0.630405 0.025329 0.036701
0 0.367238 0.604301 0.039803 0.043421
0 0.371890 0.645137 0.017058 0.042387
0 0.387398 0.648497 0.020160 0.041870
0 0.400320 0.690109 0.028430 0.047556
0 0.426683 0.663229 0.040836 0.047556
0 0.418154 0.622134 0.037218 0.051175
0 0.411176 0.600424 0.046005 0.033600
0 0.392567 0.560621 0.051175 0.043938
0 0.442708 0.553643 0.032566 0.041353
0 0.489488 0.566307 0.039286 0.051175
0 0.523863 0.650823 0.049107 0.032049
0 0.473981 0.735597 0.034116 0.042387
0 0.521279 0.729394 0.024295 0.050658
0 0.519470 0.776950 0.035150 0.045489
0 0.558238 0.757824 0.031015 0.037218
0 0.558755 0.803055 0.023778 0.032566
0 0.577106 0.818562 0.022227 0.039803
0 0.412726 0.512781 0.097697 0.054276
0 0.509390 0.404228 0.084257 0.081156
0 0.547519 0.681618 0.044455 0.044972
0 0.751288 0.683909 0.099096 0.051762
0 0.582036 0.719441 0.041132 0.022280
0 0.576609 0.753432 0.033706 0.025136
0 0.604601 0.781711 0.022280 0.029135
0 0.613456 0.769714 0.026279 0.032563
0 0.648876 0.795136 0.039990 0.028564
0 0.660301 0.840902 0.029707 0.034848
0 0.699434 0.906600 0.041703 0.039418
0 0.703433 0.874322 0.031420 0.031992
0 0.699434 0.848329 0.046274 0.029135
0 0.741994 0.833190 0.027421 0.049130
0 0.703433 0.800341 0.034848 0.046274
0 0.786554 0.848615 0.042275 0.036562
0 0.764274 0.796628 0.034277 0.052558
0 0.811405 0.774920 0.035991 0.036562
0 0.853394 0.762351 0.039990 0.043417
0 0.723142 0.762351 0.037704 0.035419
0 0.758847 0.746641 0.039418 0.046274
0 0.798265 0.726361 0.024565 0.057128
0 0.515767 0.603821 0.061698 0.032563
0 0.524051 0.573258 0.061127 0.029707
0 0.581750 0.600108 0.032563 0.036562
0 0.621454 0.627244 0.027421 0.050844
0 0.582321 0.648667 0.041703 0.043417
0 0.604601 0.705509 0.024565 0.038276
0 0.618312 0.721505 0.026850 0.043989
0 0.636879 0.731217 0.019424 0.039418
0 0.662301 0.684943 0.031420 0.030278
0 0.665728 0.760352 0.026850 0.041703
0 0.695721 0.719220 0.033134 0.038276
0 0.669156 0.634385 0.033706 0.039990
0 0.680582 0.588682 0.030278 0.054843
0 0.612599 0.567830 0.035991 0.021137
0 0.568325 0.555262 0.046845 0.035991
0 0.615456 0.533554 0.032563 0.046274
0 0.650875 0.500134 0.041703 0.022851
0 0.670013 0.538410 0.041132 0.029707
0 0.686866 0.538695 0.032563 0.046274
0 0.696863 0.500419 0.037704 0.037133
0 0.729426 0.530697 0.021709 0.054272
0 0.726570 0.571258 0.019424 0.048559
0 0.743137 0.572401 0.020566 0.035991
0 0.718000 0.615532 0.027421 0.039990
0 0.732568 0.616675 0.027993 0.043417
0 0.715715 0.661520 0.022851 0.038276
0 0.470922 0.520414 0.034848 0.025708
0 0.518052 0.531840 0.028564 0.032563
0 0.487203 0.466657 0.077694 0.032563
0 0.430361 0.465800 0.053129 0.031992
0 0.557756 0.458373 0.043989 0.038847
0 0.548902 0.518929 0.026279 0.026279
0 0.573181 0.493221 0.041703 0.034277
0 0.616027 0.468942 0.022280 0.042846
0 0.596032 0.413528 0.026850 0.070267
0 0.660872 0.384678 0.053700 0.029707
0 0.758276 0.646610 0.034848 0.041703
0 0.776557 0.598051 0.037133 0.037133
0 0.783412 0.560918 0.054272 0.038276
0 0.822259 0.594909 0.043989 0.047988
0 0.805406 0.633471 0.043417 0.043989
0 0.845967 0.664891 0.038847 0.043989
0 0.831685 0.707451 0.031992 0.045702
0 0.859678 0.627186 0.011426 0.032563
0 0.847681 0.616618 0.119969 0.074266
0 0.947263 0.469299 0.105474 0.057128
0 0.502158 0.688663 0.033957 0.045045
0 0.476690 0.659211 0.042619 0.036729
0 0.469760 0.853874 0.039847 0.030838
0 0.820681 0.812606 0.039154 0.047470
0 0.798332 0.685190 0.025641 0.047817
