0 0.839139 0.864933 0.096286 0.116133
0 0.341262 0.621065 0.036849 0.042570
0 0.612831 0.624747 0.029485 0.027796
0 0.829771 0.170811 0.037927 0.026404
0 0.803545 0.142213 0.031632 0.029145
0 0.963596 0.736841 0.042270 0.032558
0 0.839455 0.223883 0.036600 0.026119
0 0.180085 0.536731 0.032792 0.021936
0 0.775040 0.081120 0.036732 0.026146
0 0.817365 0.647080 0.035644 0.025441
0 0.429294 0.216279 0.032352 0.024172
0 0.253198 0.570714 0.032826 0.028641
0 0.594071 0.024072 0.038717 0.028670
0 0.768477 0.616187 0.048711 0.024357
0 0.661851 0.615613 0.028160 0.023935
0 0.756551 0.115572 0.034045 0.026020
0 0.318015 0.504545 0.031592 0.025172
0 0.560511 0.615350 0.035579 0.024631
0 0.584954 0.380673 0.031544 0.022353
0 0.849172 0.054767 0.038141 0.028062
0 0.317000 0.580326 0.031265 0.027192
0 0.698464 0.375509 0.033441 0.024987
0 0.356132 0.040524 0.022311 0.018991
0 0.909168 0.023930 0.037705 0.028905
0 0.829257 0.018828 0.038433 0.028894
0 0.941240 0.176194 0.034385 0.029837
0 0.214633 0.421619 0.029605 0.026141
0 0.810651 0.100820 0.034461 0.030943
0 0.755952 0.039793 0.034172 0.029114
0 0.699179 0.101045 0.034885 0.026356
0 0.871475 0.260068 0.028496 0.026317
0 0.891198 0.065089 0.038916 0.027747
0 0.633992 0.054434 0.035535 0.024976
0 0.385211 0.268746 0.029267 0.022856
0 0.969227 0.043524 0.034854 0.025509
0 0.147635 0.517970 0.036106 0.025529
0 0.063909 0.455239 0.028933 0.020861
0 0.899926 0.215431 0.029173 0.031659
0 0.474072 0.476357 0.032319 0.024051
0 0.936356 0.565855 0.026081 0.024857
0 0.976666 0.270106 0.035953 0.024484
0 0.625799 0.270936 0.033594 0.025731
0 0.974911 0.234089 0.034398 0.025940
0 0.043339 0.370854 0.022172 0.020189
0 0.806365 0.049803 0.032821 0.029704
0 0.888871 0.688752 0.044612 0.026770
0 0.116573 0.125843 0.024176 0.018649
0 0.595948 0.596897 0.024073 0.019097
0 0.286490 0.565306 0.028081 0.025407
0 0.138218 0.240629 0.034417 0.023522
0 0.798933 0.206133 0.031314 0.026096
0 0.415398 0.444839 0.024417 0.019745
0 0.849595 0.099433 0.034906 0.027095
0 0.959843 0.335716 0.026636 0.020407
0 0.870581 0.596746 0.033923 0.024306
0 0.501080 0.515856 0.029813 0.021945
0 0.110066 0.500112 0.032969 0.023203
0 0.928690 0.675454 0.033418 0.026113
0 0.208981 0.159048 0.022306 0.019213
0 0.433706 0.576540 0.029900 0.021546
0 0.703455 0.535340 0.028449 0.021659
0 0.149776 0.186137 0.026526 0.022778
0 0.893666 0.485585 0.023234 0.017139
0 0.545633 0.035770 0.027260 0.019817
0 0.645556 0.459629 0.036659 0.025885
0 0.930253 0.496276 0.023915 0.019918
0 0.119591 0.375743 0.021303 0.018826
0 0.649322 0.224778 0.029538 0.020089
0 0.509848 0.376640 0.031247 0.022135
0 0.029832 0.491023 0.034423 0.023317
0 0.424418 0.264100 0.027158 0.022680
0 0.350244 0.214689 0.030159 0.019978
0 0.406119 0.238953 0.021882 0.020492
0 0.598581 0.111651 0.035164 0.023072
0 0.354753 0.480907 0.027736 0.021410
0 0.644546 0.094235 0.035172 0.024695
0 0.189594 0.131147 0.022761 0.019454
0 0.268293 0.569526 0.023084 0.025443
0 0.097922 0.096087 0.029962 0.020336
0 0.795705 0.403915 0.021709 0.016704
0 0.484656 0.581014 0.026807 0.021867
0 0.865490 0.502173 0.021395 0.016761
0 0.720543 0.066272 0.034656 0.027882
0 0.858881 0.645331 0.034894 0.024727
0 0.408937 0.524713 0.027432 0.021482
0 0.488577 0.185273 0.029100 0.021560
0 0.504042 0.216519 0.028791 0.019392
0 0.560981 0.576853 0.029789 0.020809
0 0.184102 0.500346 0.028173 0.020680
0 0.005760 0.011919 0.011519 0.023838
0 0.023926 0.031738 0.022461 0.014648
0 0.037598 0.060059 0.014648 0.012695
0 0.061459 0.036111 0.033011 0.022854
0 0.014648 0.081055 0.017578 0.013672
0 0.035645 0.110840 0.022461 0.012695
0 0.058594 0.083008 0.021484 0.011719
0 0.008345 0.109750 0.013966 0.026239
0 0.020508 0.141113 0.017578 0.018555
0 0.029785 0.169434 0.018555 0.014648
0 0.051758 0.141602 0.021484 0.013672
0 0.076172 0.120605 0.015625 0.024414
0 0.040918 0.200273 0.017382 0.019376
0 0.007876 0.196086 0.015751 0.026239
0 0.096191 0.029785 0.018555 0.014648
0 0.040319 0.007607 0.027509 0.015215
0 0.109938 0.032990 0.018621 0.024546
0 0.126953 0.049805 0.021484 0.013672
0 0.126465 0.080566 0.016602 0.012695
0 0.088777 0.061980 0.021161 0.024123
0 0.136177 0.020928 0.024546 0.019045
0 0.171387 0.033203 0.024414 0.013672
0 0.164062 0.064941 0.021484 0.016602
0 0.208984 0.037598 0.023438 0.016602
0 0.204631 0.064731 0.024332 0.023700
0 0.187988 0.098145 0.022461 0.016602
0 0.146484 0.102539 0.021484 0.013672
0 0.152832 0.129395 0.018555 0.018555
0 0.089844 0.149902 0.021484 0.012695
0 0.062988 0.172363 0.022461 0.012695
0 0.102051 0.180176 0.016602 0.012695
0 0.124512 0.157715 0.018555 0.012695
0 0.162598 0.160156 0.018555 0.013672
0 0.080566 0.204102 0.014648 0.013672
0 0.119141 0.208496 0.021484 0.012695
0 0.163574 0.213379 0.018555 0.012695
0 0.184570 0.187500 0.021484 0.011719
0 0.205078 0.210938 0.017578 0.013672
0 0.016113 0.226562 0.018555 0.013672
0 0.059082 0.228027 0.014648 0.012695
0 0.096680 0.230957 0.021484 0.014648
0 0.039551 0.250977 0.014648 0.011719
0 0.078613 0.256348 0.016602 0.012695
0 0.110840 0.260254 0.024414 0.012695
0 0.146973 0.272461 0.022461 0.015625
0 0.172363 0.256348 0.026367 0.018555
0 0.216309 0.239746 0.016602 0.010742
0 0.024902 0.277344 0.016602 0.013672
0 0.054688 0.277344 0.017578 0.011719
0 0.085449 0.284668 0.022461 0.010742
0 0.154785 0.303223 0.018555 0.012695
0 0.187012 0.297363 0.022461 0.018555
0 0.025879 0.311523 0.024414 0.007812
0 0.059082 0.305664 0.014648 0.013672
0 0.100098 0.317383 0.022461 0.013672
0 0.111328 0.312988 0.017578 0.012695
0 0.128906 0.325195 0.025391 0.015625
0 0.171875 0.331055 0.023438 0.015625
0 0.208496 0.323730 0.022461 0.012695
0 0.011230 0.340332 0.022461 0.014648
0 0.038086 0.336426 0.013672 0.010742
0 0.073730 0.341309 0.018555 0.016602
0 0.079102 0.367188 0.023438 0.021484
0 0.104492 0.349609 0.021484 0.013672
0 0.145020 0.354492 0.016602 0.013672
0 0.175781 0.364258 0.023438 0.017578
0 0.147949 0.387207 0.022461 0.016602
0 0.117676 0.405273 0.016602 0.011719
0 0.088867 0.393555 0.023438 0.013672
0 0.061035 0.408203 0.012695 0.017578
0 0.024414 0.401855 0.021484 0.014648
0 0.010742 0.432129 0.021484 0.014648
0 0.011230 0.375000 0.022461 0.017578
0 0.039551 0.427734 0.022461 0.011719
0 0.076172 0.423828 0.023438 0.013672
0 0.029785 0.459961 0.018555 0.011719
0 0.067871 0.484863 0.028320 0.014648
0 0.101562 0.469238 0.021484 0.016602
0 0.115723 0.443848 0.014648 0.026367
0 0.148926 0.451172 0.016602 0.015625
0 0.146973 0.421875 0.022461 0.011719
0 0.186035 0.437988 0.018555 0.018555
0 0.147461 0.480469 0.021484 0.017578
0 0.179688 0.470215 0.021484 0.012695
0 0.214844 0.453613 0.017578 0.012695
0 0.180664 0.404297 0.025391 0.013672
0 0.209961 0.389648 0.023438 0.017578
0 0.214844 0.355469 0.015625 0.013672
0 0.206055 0.271484 0.015625 0.011719
0 0.215332 0.481934 0.018555 0.012695
0 0.213379 0.513672 0.018555 0.013672
0 0.195420 0.007374 0.024681 0.014747
0 0.223931 0.010634 0.031206 0.017305
0 0.250000 0.033691 0.017578 0.016602
0 0.236328 0.068359 0.017578 0.011719
0 0.225586 0.094727 0.023438 0.013672
0 0.162086 0.005672 0.033475 0.011343
0 0.276855 0.048828 0.022461 0.013672
0 0.277344 0.015625 0.021484 0.011719
0 0.293457 0.018555 0.010742 0.015625
0 0.317871 0.048340 0.016602 0.014648
0 0.326660 0.014648 0.018555 0.017578
0 0.269043 0.082031 0.018555 0.013672
0 0.304688 0.075684 0.015625 0.012695
0 0.254395 0.112305 0.022461 0.015625
0 0.220703 0.129395 0.027344 0.010742
0 0.293457 0.105957 0.018555 0.012695
0 0.281250 0.135742 0.017578 0.011719
0 0.315430 0.129883 0.017578 0.013672
0 0.330078 0.099609 0.017578 0.009766
0 0.342773 0.070312 0.021484 0.013672
0 0.246094 0.159668 0.021484 0.010742
0 0.280273 0.166016 0.017578 0.013672
0 0.319336 0.159668 0.021484 0.012695
0 0.227051 0.187500 0.016602 0.013672
0 0.261719 0.188965 0.015625 0.014648
0 0.296387 0.192871 0.018555 0.012695
0 0.334961 0.186523 0.023438 0.013672
0 0.246032 0.214162 0.023315 0.016989
0 0.279592 0.216557 0.025982 0.016106
0 0.317871 0.216309 0.016602 0.012695
0 0.240723 0.264648 0.018555 0.017578
0 0.274414 0.250000 0.017578 0.013672
0 0.319336 0.248047 0.021484 0.011719
0 0.301270 0.272949 0.018555 0.012695
0 0.265207 0.284855 0.027518 0.014468
0 0.234863 0.297852 0.018555 0.015625
0 0.251953 0.325684 0.015625 0.036133
0 0.272461 0.321289 0.013672 0.013672
0 0.305664 0.305664 0.015625 0.013672
0 0.233138 0.333542 0.016146 0.014740
0 0.270996 0.351562 0.022461 0.021484
0 0.298340 0.338867 0.018555 0.011719
0 0.327148 0.324219 0.015625 0.013672
0 0.254395 0.402344 0.016602 0.021484
0 0.271973 0.390137 0.014648 0.016602
0 0.303711 0.372070 0.013672 0.009766
0 0.329102 0.358887 0.021484 0.012695
0 0.303711 0.404297 0.017578 0.015625
0 0.337891 0.388184 0.013672 0.012695
0 0.276367 0.424805 0.023438 0.021484
0 0.248753 0.439242 0.012766 0.034610
0 0.254395 0.471191 0.018555 0.012695
0 0.281199 0.453903 0.023336 0.017974
0 0.309607 0.432869 0.021557 0.019027
0 0.338379 0.418945 0.014648 0.013672
0 0.310547 0.469727 0.023438 0.011719
0 0.281250 0.482910 0.017578 0.014648
0 0.251011 0.498207 0.019599 0.025070
0 0.226074 0.541992 0.022461 0.011719
0 0.258301 0.534668 0.018555 0.012695
0 0.285156 0.517578 0.021484 0.013672
0 0.313437 0.534383 0.023358 0.019124
0 0.344932 0.550076 0.019942 0.017035
0 0.372559 0.538086 0.024414 0.015625
0 0.342773 0.519043 0.017578 0.012695
0 0.378855 0.500539 0.025288 0.022359
0 0.366211 0.572754 0.025391 0.012695
0 0.411133 0.047852 0.021484 0.013672
0 0.387207 0.025879 0.016602 0.010742
0 0.421085 0.011113 0.029671 0.018789
0 0.380371 0.059082 0.016602 0.012695
0 0.440430 0.031738 0.015625 0.012695
0 0.437012 0.070801 0.024414 0.018555
0 0.402344 0.082520 0.015625 0.012695
0 0.416504 0.114746 0.018555 0.014648
0 0.385254 0.120117 0.018555 0.011719
0 0.349609 0.125977 0.023438 0.011719
0 0.347656 0.155762 0.017578 0.012695
0 0.390137 0.151367 0.018555 0.015625
0 0.429688 0.151367 0.017578 0.013672
0 0.475586 0.154785 0.017578 0.012695
0 0.479004 0.112793 0.032227 0.049805
0 0.454102 0.099121 0.017578 0.014648
0 0.482422 0.076660 0.015625 0.012695
0 0.470215 0.048828 0.016602 0.009766
0 0.478516 0.021973 0.011719 0.022461
0 0.511719 0.015625 0.025391 0.013672
0 0.504395 0.045898 0.016602 0.015625
0 0.524414 0.062500 0.021484 0.011719
0 0.525391 0.126953 0.013672 0.011719
0 0.513406 0.157117 0.027876 0.013453
0 0.407227 0.185059 0.021484 0.014648
0 0.371094 0.182617 0.015625 0.013672
0 0.443848 0.181152 0.028320 0.012695
0 0.462402 0.207031 0.018555 0.013672
0 0.524414 0.183594 0.013672 0.011719
0 0.548828 0.214355 0.011719 0.012695
0 0.481445 0.248047 0.017578 0.011719
0 0.385742 0.211426 0.017578 0.012695
0 0.358887 0.240723 0.024414 0.012695
0 0.342285 0.276855 0.024414 0.028320
0 0.355482 0.279743 0.050807 0.036048
0 0.393066 0.301270 0.022461 0.016602
0 0.429688 0.298828 0.023438 0.015625
0 0.455078 0.272461 0.023438 0.013672
0 0.491211 0.282715 0.017578 0.012695
0 0.524414 0.272949 0.021484 0.012695
0 0.520508 0.249023 0.023438 0.011719
0 0.524900 0.243354 0.030269 0.021105
0 0.359863 0.338379 0.014648 0.012695
0 0.354004 0.301758 0.024414 0.017578
0 0.391602 0.336426 0.017578 0.012695
0 0.423340 0.328125 0.022461 0.011719
0 0.460886 0.333270 0.026099 0.018156
0 0.465374 0.302176 0.024498 0.020648
0 0.493652 0.319336 0.028320 0.013672
0 0.526774 0.341018 0.024252 0.013276
0 0.362305 0.370117 0.017578 0.011719
0 0.431641 0.381836 0.021484 0.011719
0 0.449707 0.359375 0.014648 0.011719
0 0.396973 0.384277 0.018555 0.014648
0 0.370117 0.403320 0.015625 0.013672
0 0.401367 0.415039 0.021484 0.013672
0 0.436035 0.413574 0.018555 0.012695
0 0.473145 0.378906 0.016602 0.011719
0 0.473633 0.410645 0.017578 0.014648
0 0.502930 0.410645 0.017578 0.012695
0 0.367188 0.438965 0.023438 0.012695
0 0.339355 0.450684 0.014648 0.012695
0 0.386719 0.468262 0.017578 0.012695
0 0.434082 0.469238 0.018555 0.016602
0 0.406250 0.493164 0.015625 0.013672
0 0.452148 0.442383 0.017578 0.013672
0 0.484375 0.440918 0.017578 0.010742
0 0.448730 0.502441 0.028320 0.016602
0 0.431641 0.542480 0.023438 0.014648
0 0.462891 0.527344 0.023438 0.013672
0 0.401625 0.557134 0.018094 0.026357
0 0.459473 0.562988 0.018555 0.014648
0 0.496094 0.548340 0.017578 0.012695
0 0.524902 0.561035 0.022461 0.012695
0 0.557129 0.061035 0.024414 0.014648
0 0.586426 0.081055 0.022461 0.015625
0 0.551270 0.092285 0.022461 0.014648
0 0.560059 0.123535 0.018555 0.012695
0 0.686035 0.029785 0.034180 0.022461
0 0.653809 0.014648 0.024414 0.029297
0 0.675781 0.066406 0.023438 0.023438
0 0.662109 0.126465 0.021484 0.014648
0 0.636719 0.138184 0.017578 0.014648
0 0.587402 0.146484 0.018555 0.013672
0 0.551270 0.152344 0.018555 0.009766
0 0.582400 0.182660 0.051064 0.060710
0 0.624023 0.165527 0.025391 0.012695
0 0.653809 0.185547 0.018555 0.021484
0 0.689453 0.170410 0.037109 0.061523
0 0.516602 0.099121 0.015625 0.012695
0 0.568641 0.228431 0.033759 0.066238
0 0.607422 0.238281 0.021484 0.011719
0 0.615234 0.205078 0.021484 0.013672
0 0.677246 0.205566 0.022461 0.012695
0 0.707520 0.169922 0.018555 0.015625
0 0.714355 0.208008 0.022461 0.011719
0 0.695801 0.240723 0.018555 0.012695
0 0.662598 0.251953 0.016602 0.015625
0 0.524902 0.305176 0.014648 0.012695
0 0.553223 0.319824 0.024414 0.016602
0 0.557129 0.290527 0.022461 0.012695
0 0.584473 0.302734 0.016602 0.013672
0 0.617676 0.309570 0.018555 0.011719
0 0.649414 0.297852 0.021484 0.013672
0 0.677246 0.281738 0.022461 0.014648
0 0.714844 0.274902 0.017578 0.014648
0 0.707520 0.308105 0.016602 0.016602
0 0.669922 0.327148 0.021484 0.013672
0 0.631836 0.337891 0.021484 0.013672
0 0.592773 0.344238 0.015625 0.014648
0 0.562988 0.353027 0.016602 0.012695
0 0.545410 0.378418 0.024414 0.012695
0 0.659180 0.356445 0.023438 0.013672
0 0.620605 0.369141 0.024414 0.011719
0 0.655273 0.390625 0.021484 0.011719
0 0.616699 0.402344 0.014648 0.013672
0 0.541504 0.410645 0.018555 0.014648
0 0.521973 0.439453 0.022461 0.011719
0 0.549805 0.449707 0.017578 0.012695
0 0.563477 0.438965 0.017578 0.012695
0 0.588867 0.425781 0.021484 0.011719
0 0.578613 0.415527 0.022461 0.010742
0 0.613281 0.435547 0.021484 0.017578
0 0.652832 0.423828 0.018555 0.013672
0 0.677734 0.406250 0.023438 0.015625
0 0.723145 0.399414 0.018555 0.013672
0 0.725586 0.366699 0.021484 0.016602
0 0.679199 0.442383 0.022461 0.013672
0 0.709880 0.455927 0.033042 0.021739
0 0.677246 0.472656 0.016602 0.011719
0 0.582031 0.459473 0.015625 0.012695
0 0.548340 0.471191 0.014648 0.012695
0 0.503418 0.470215 0.018555 0.010742
0 0.530273 0.497070 0.021484 0.015625
0 0.536621 0.527344 0.014648 0.011719
0 0.563477 0.509766 0.017578 0.011719
0 0.588867 0.491699 0.021484 0.010742
0 0.617676 0.502930 0.022461 0.013672
0 0.616211 0.471191 0.015625 0.012695
0 0.651855 0.486816 0.014648 0.016602
0 0.662109 0.516113 0.021484 0.012695
0 0.702637 0.500488 0.024414 0.016602
0 0.564941 0.546387 0.018555 0.012695
0 0.600586 0.532227 0.025391 0.011719
0 0.637207 0.535645 0.016602 0.010742
0 0.666992 0.548828 0.023438 0.013672
0 0.597168 0.562012 0.022461 0.012695
0 0.634766 0.563965 0.021484 0.014648
0 0.668945 0.581543 0.027344 0.014648
0 0.633301 0.594727 0.024414 0.013672
0 0.703613 0.565918 0.016602 0.014648
0 0.703613 0.598633 0.018555 0.011719
0 0.689941 0.629395 0.034180 0.016602
0 0.714940 0.425179 0.022993 0.027284
0 0.742676 0.006836 0.026367 0.013672
0 0.790527 0.020508 0.016602 0.013672
0 0.944336 0.007324 0.025391 0.014648
0 0.859375 0.128418 0.027344 0.040039
0 0.885254 0.104492 0.040039 0.017578
0 0.930176 0.063477 0.018555 0.013672
0 0.926270 0.082031 0.018555 0.015625
0 0.961426 0.094238 0.014648 0.014648
0 0.923828 0.132812 0.025391 0.023438
0 0.966797 0.122070 0.013672 0.031250
0 0.899414 0.162109 0.025391 0.025391
0 0.868652 0.189941 0.030273 0.016602
0 0.763672 0.154297 0.015625 0.013672
0 0.725586 0.143555 0.031250 0.025391
0 0.703613 0.126465 0.016602 0.032227
0 0.776855 0.178223 0.018555 0.012695
0 0.760742 0.210449 0.021484 0.022461
0 0.988770 0.183594 0.020508 0.017578
0 0.990723 0.071289 0.016602 0.013672
0 0.991570 0.111202 0.016860 0.016738
0 0.745117 0.189941 0.017578 0.030273
0 0.728516 0.240723 0.023438 0.012695
0 0.767090 0.253418 0.022461 0.014648
0 0.795410 0.238281 0.024414 0.013672
0 0.912109 0.252441 0.023438 0.024414
0 0.943359 0.236328 0.021484 0.013672
0 0.940430 0.268555 0.017578 0.015625
0 0.906250 0.283203 0.017578 0.011719
0 0.856934 0.291504 0.022461 0.014648
0 0.833008 0.262207 0.025391 0.014648
0 0.796875 0.272949 0.021484 0.012695
0 0.772461 0.287598 0.015625 0.014648
0 0.738281 0.292480 0.017578 0.012695
0 0.763184 0.316406 0.018555 0.011719
0 0.736328 0.333008 0.023438 0.013672
0 0.816895 0.304199 0.018555 0.012695
0 0.798316 0.331735 0.025248 0.027234
0 0.853027 0.323242 0.018555 0.011719
0 0.882324 0.313477 0.022461 0.017578
0 0.922363 0.317871 0.018555 0.016602
0 0.987305 0.308105 0.023438 0.016602
0 0.956055 0.301270 0.021484 0.012695
0 0.892578 0.340820 0.023438 0.011719
0 0.764160 0.351562 0.018555 0.013672
0 0.791992 0.370117 0.023438 0.017578
0 0.762207 0.385254 0.016602 0.014648
0 0.859863 0.364746 0.016602 0.016602
0 0.828897 0.343602 0.019122 0.023734
0 0.922852 0.353027 0.023438 0.016602
0 0.893555 0.377930 0.021484 0.013672
0 0.929199 0.382324 0.016602 0.012695
0 0.827148 0.384277 0.021484 0.014648
0 0.856445 0.402832 0.017578 0.014648
0 0.820312 0.415039 0.021484 0.013672
0 0.788574 0.437012 0.024414 0.014648
0 0.753418 0.425293 0.026367 0.012695
0 0.991211 0.344727 0.015625 0.013672
0 0.970703 0.372070 0.015625 0.013672
0 0.947266 0.407715 0.017578 0.014648
0 0.986328 0.397461 0.015625 0.013672
0 0.884766 0.412598 0.021484 0.016602
0 0.857422 0.434082 0.017578 0.014648
0 0.919922 0.425781 0.021484 0.013672
0 0.828125 0.450195 0.021484 0.015625
0 0.760254 0.459961 0.014648 0.013672
0 0.769531 0.489746 0.015625 0.014648
0 0.738281 0.482910 0.015625 0.010742
0 0.794109 0.467903 0.025719 0.017320
0 0.830078 0.487793 0.021484 0.016602
0 0.858398 0.465332 0.017578 0.016602
0 0.887695 0.448730 0.025391 0.014648
0 0.919922 0.459473 0.021484 0.016602
0 0.948730 0.438477 0.016602 0.011719
0 0.985840 0.434570 0.018555 0.015625
0 0.798340 0.504395 0.024414 0.014648
0 0.735352 0.516113 0.025391 0.012695
0 0.766602 0.523926 0.023438 0.014648
0 0.797852 0.542969 0.037109 0.025391
0 0.828125 0.525879 0.017578 0.012695
0 0.860352 0.537598 0.017578 0.016602
0 0.894531 0.518555 0.017578 0.017578
0 0.930664 0.528320 0.011719 0.017578
0 0.953613 0.480469 0.018555 0.011719
0 0.991211 0.470703 0.015625 0.011719
0 0.983398 0.501465 0.023438 0.014648
0 0.898438 0.550293 0.023438 0.014648
0 0.865234 0.565430 0.023438 0.015625
0 0.836914 0.553223 0.015625 0.010742
0 0.731445 0.546387 0.023438 0.014648
0 0.778629 0.550695 0.026726 0.009939
0 0.741211 0.578613 0.021484 0.014648
0 0.776855 0.583984 0.018555 0.013672
0 0.809570 0.572266 0.021484 0.013672
0 0.975098 0.545898 0.022461 0.013672
0 0.904785 0.580078 0.018555 0.015625
0 0.987793 0.573242 0.022461 0.011719
0 0.957031 0.590332 0.021484 0.012695
0 0.927246 0.605469 0.016602 0.011719
0 0.840820 0.584473 0.015625 0.014648
0 0.814941 0.606934 0.016602 0.014648
0 0.839844 0.617188 0.017578 0.011719
0 0.739746 0.613770 0.014648 0.012695
0 0.892578 0.624512 0.023438 0.012695
0 0.922363 0.638184 0.022461 0.014648
0 0.892578 0.656250 0.029297 0.013672
0 0.952637 0.649414 0.022461 0.013672
0 0.983398 0.640137 0.031250 0.018555
0 0.963379 0.617676 0.016602 0.012695
0 0.980469 0.674316 0.025391 0.018555
0 0.355957 0.803223 0.040039 0.100586
