0 0.238699 0.291307 0.050943 0.054294
0 0.201881 0.773128 0.059462 0.051706
0 0.549328 0.713443 0.051832 0.053833
0 0.067922 0.279710 0.096365 0.041068
0 0.180793 0.335754 0.061510 0.059859
0 0.837376 0.864495 0.044165 0.060540
0 0.262669 0.898685 0.043482 0.054771
0 0.864379 0.271357 0.047803 0.061393
0 0.321153 0.334309 0.074721 0.042933
0 0.198595 0.448298 0.068065 0.047941
0 0.973281 0.038650 0.051311 0.040513
0 0.550158 0.343124 0.060268 0.038772
0 0.548866 0.535915 0.074723 0.037782
0 0.739069 0.491453 0.041489 0.018940
0 0.396699 0.451138 0.079674 0.039631
0 0.483715 0.502205 0.073742 0.043844
0 0.672136 0.353955 0.029140 0.033842
0 0.018871 0.529640 0.037741 0.048874
0 0.419404 0.390866 0.079674 0.043759
0 0.349431 0.778257 0.041282 0.025595
0 0.828125 0.417480 0.035156 0.057617
0 0.710938 0.112305 0.072266 0.037109
0 0.255555 0.777307 0.072656 0.049951
