0 0.643993 0.695061 0.018705 0.016898
0 0.976581 0.912244 0.014642 0.018421
0 0.730883 0.690219 0.017271 0.014290
0 0.578867 0.919472 0.009688 0.008795
0 0.604748 0.924161 0.010630 0.010225
0 0.694621 0.716392 0.017354 0.016174
0 0.552870 0.907083 0.014291 0.009863
0 0.299506 0.627378 0.015029 0.008661
0 0.300293 0.580566 0.010742 0.006836
0 0.582031 0.926758 0.005859 0.007812
0 0.969238 0.651855 0.012695 0.006836
0 0.243278 0.973211 0.015562 0.014400
0 0.281137 0.974721 0.013239 0.010452
0 0.302468 0.887831 0.013239 0.007897
0 0.350082 0.893405 0.007665 0.011613
0 0.365180 0.884463 0.009523 0.008129
0 0.387129 0.883882 0.008362 0.009755
0 0.410239 0.880282 0.007665 0.005342
0 0.542468 0.952151 0.006736 0.008362
0 0.546416 0.958190 0.007665 0.009291
0 0.575217 0.880436 0.008594 0.012542
