0 0.499888 0.036550 0.038816 0.056050
0 0.046654 0.269513 0.049595 0.055443
0 0.246394 0.287657 0.060239 0.048319
0 0.471566 0.249783 0.041480 0.042575
0 0.327780 0.226243 0.032291 0.039000
0 0.042783 0.176652 0.065238 0.056345
0 0.716671 0.309556 0.035569 0.037109
0 0.167250 0.437423 0.061519 0.057387
0 0.521840 0.177628 0.057784 0.050376
0 0.788429 0.278929 0.036738 0.038654
0 0.264091 0.519106 0.044043 0.035205
0 0.889820 0.420034 0.032182 0.033591
0 0.909839 0.368173 0.041408 0.040172
0 0.460906 0.465929 0.042546 0.027717
0 0.655108 0.774303 0.033843 0.035996
0 0.670780 0.150158 0.046483 0.049381
0 0.548807 0.383543 0.047759 0.053255
0 0.012695 0.400879 0.025391 0.043945
0 0.992188 0.268066 0.013672 0.032227
0 0.262799 0.157703 0.027277 0.044521
0 0.519480 0.137603 0.052403 0.032199
