0 0.357816 0.730617 0.090493 0.086672
0 0.586938 0.781284 0.084043 0.066780
0 0.875846 0.862026 0.074198 0.081521
0 0.180351 0.445942 0.084700 0.075348
0 0.462946 0.881005 0.044045 0.106099
0 0.486337 0.483036 0.086689 0.089832
0 0.681119 0.975652 0.051226 0.048697
0 0.787398 0.869477 0.042065 0.093804
0 0.759565 0.029003 0.021576 0.038817
0 0.230676 0.099767 0.060618 0.088472
0 0.178240 0.231536 0.075763 0.133134
0 0.413232 0.152240 0.057411 0.072967
0 0.264422 0.390021 0.066964 0.073824
0 0.368309 0.421007 0.083980 0.075673
0 0.185761 0.172551 0.075855 0.103560
0 0.026783 0.087781 0.052310 0.086724
0 0.881040 0.946022 0.034915 0.048102
0 0.319284 0.229507 0.068239 0.059618
0 0.422120 0.396047 0.055065 0.084128
0 0.249499 0.267444 0.050089 0.089537
0 0.323872 0.312761 0.076840 0.059464
0 0.346822 0.264865 0.037394 0.091364
0 0.394043 0.241959 0.051758 0.047852
0 0.402733 0.272678 0.039841 0.081597
0 0.382908 0.316886 0.049019 0.075213
0 0.350586 0.152832 0.033203 0.088867
0 0.383789 0.188477 0.076172 0.058594
0 0.893507 0.985852 0.066501 0.026342
0 0.269019 0.090216 0.032179 0.087146
