0 0.232414 0.393412 0.076618 0.045469
0 0.245201 0.764503 0.071123 0.064134
0 0.182558 0.817687 0.074792 0.053833
0 0.172092 0.707498 0.047452 0.060073
0 0.316686 0.690661 0.068027 0.056435
0 0.014223 0.760459 0.028221 0.034735
0 0.441963 0.375938 0.054316 0.038227
0 0.346960 0.899334 0.052220 0.081380
0 0.182588 0.601357 0.074084 0.053375
0 0.506245 0.450299 0.087500 0.050574
0 0.079616 0.450555 0.038662 0.040665
0 0.112539 0.420955 0.039015 0.043339
0 0.288086 0.888184 0.048828 0.051758
0 0.208211 0.647865 0.046715 0.034801
0 0.871094 0.268066 0.035156 0.024414
0 0.986708 0.782226 0.024632 0.074218
0 0.992055 0.981444 0.015889 0.024141
