0 0.125819 0.970241 0.055447 0.054631
0 0.257961 0.778949 0.071286 0.067251
0 0.700704 0.370983 0.046820 0.043587
0 0.092347 0.720726 0.063396 0.069253
0 0.023352 0.629034 0.046704 0.052585
0 0.116924 0.621687 0.057094 0.068637
0 0.177734 0.805176 0.042969 0.043945
0 0.158691 0.835449 0.047852 0.057617
0 0.105469 0.861328 0.035156 0.056641
0 0.149414 0.874512 0.060547 0.045898
0 0.183105 0.916016 0.057617 0.039062
0 0.207031 0.872070 0.052734 0.042969
0 0.252930 0.869629 0.031250 0.040039
0 0.225586 0.823242 0.042969 0.056641
0 0.114573 0.672644 0.059224 0.057056
