0 0.500622 0.572655 0.055849 0.052344
0 0.529158 0.699196 0.064110 0.056191
0 0.854555 0.672056 0.065716 0.045591
0 0.036511 0.061841 0.043225 0.033831
0 0.399201 0.551551 0.038211 0.049184
0 0.744027 0.511652 0.077653 0.047922
0 0.159489 0.140238 0.035797 0.032851
0 0.251098 0.840857 0.058530 0.067063
0 0.211244 0.861216 0.060628 0.052880
0 0.230832 0.660441 0.036432 0.034135
0 0.055149 0.909887 0.052353 0.061613
0 0.026977 0.829808 0.050628 0.060136
0 0.029437 0.562258 0.058874 0.047708
0 0.024292 0.874978 0.048584 0.040692
0 0.870575 0.694863 0.045837 0.054724
