0 0.753983 0.226842 0.110227 0.092545
0 0.423811 0.628521 0.056374 0.052749
0 0.889110 0.700902 0.033983 0.034394
0 0.775759 0.754983 0.032637 0.029828
0 0.624637 0.905508 0.031815 0.029535
0 0.121544 0.537849 0.053040 0.070596
0 0.903562 0.610952 0.041251 0.038487
0 0.923663 0.392183 0.036893 0.033094
0 0.575961 0.946954 0.030835 0.033990
0 0.125075 0.964511 0.036493 0.029063
0 0.874903 0.569745 0.033011 0.034484
0 0.424130 0.870060 0.034506 0.030123
0 0.916648 0.655269 0.035081 0.034295
0 0.745727 0.705967 0.032076 0.032449
0 0.789748 0.439535 0.032381 0.035323
0 0.945039 0.693908 0.040721 0.029883
0 0.478507 0.814849 0.035905 0.035186
0 0.234989 0.941163 0.037567 0.026353
0 0.719665 0.531060 0.030663 0.031392
0 0.027950 0.721166 0.045288 0.031478
0 0.906393 0.071728 0.079954 0.106374
0 0.820803 0.662233 0.034360 0.036191
0 0.902734 0.522835 0.046566 0.027087
0 0.851891 0.331582 0.044570 0.036138
0 0.841147 0.419896 0.048453 0.035660
0 0.614978 0.936496 0.033804 0.031572
0 0.412018 0.909389 0.041828 0.031267
0 0.862833 0.640448 0.034118 0.033857
0 0.576905 0.756758 0.034728 0.030856
0 0.914401 0.914227 0.032026 0.030593
0 0.875664 0.906153 0.030982 0.031111
0 0.955083 0.606398 0.035372 0.031797
0 0.604980 0.737798 0.032281 0.030634
0 0.621759 0.700424 0.033174 0.030016
0 0.524996 0.753664 0.037944 0.023835
0 0.975380 0.657482 0.040073 0.028479
0 0.719753 0.764531 0.036778 0.029871
0 0.499645 0.875572 0.034418 0.028503
0 0.886035 0.869965 0.031653 0.031219
0 0.906728 0.337000 0.060512 0.041137
0 0.485649 0.914813 0.034677 0.031918
0 0.539135 0.865297 0.038267 0.026861
0 0.306640 0.809976 0.060228 0.049159
0 0.660261 0.983645 0.040092 0.028054
0 0.737373 0.804730 0.042699 0.024318
0 0.408244 0.949226 0.032723 0.031236
0 0.294074 0.850000 0.037078 0.025226
0 0.495373 0.774886 0.032593 0.029496
0 0.678711 0.536133 0.027344 0.023438
0 0.750488 0.508789 0.028320 0.023438
0 0.766602 0.539551 0.029297 0.014648
0 0.700195 0.560059 0.021484 0.030273
0 0.727051 0.591797 0.030273 0.023438
0 0.554199 0.645996 0.030273 0.018555
0 0.587402 0.638672 0.022461 0.017578
0 0.581215 0.677319 0.031570 0.026514
0 0.621094 0.657227 0.027344 0.017578
0 0.637207 0.610840 0.028320 0.022461
0 0.649395 0.616393 0.027668 0.016133
0 0.673828 0.644531 0.025391 0.017578
0 0.700195 0.617188 0.027344 0.021484
0 0.731934 0.630859 0.040039 0.025391
0 0.783203 0.644531 0.027344 0.027344
0 0.759766 0.669922 0.025391 0.021484
0 0.781738 0.695312 0.016602 0.025391
0 0.796387 0.726074 0.022461 0.026367
0 0.714844 0.707520 0.031250 0.024414
0 0.686035 0.680176 0.024414 0.018555
0 0.669922 0.714844 0.035156 0.015625
0 0.647949 0.741699 0.038086 0.016602
0 0.676758 0.760742 0.023438 0.029297
0 0.644043 0.781738 0.024414 0.022461
0 0.520020 0.799316 0.028320 0.016602
0 0.545410 0.823730 0.024414 0.014648
0 0.445022 0.979449 0.038481 0.029211
0 0.404663 0.984168 0.040070 0.031664
0 0.483845 0.963416 0.047767 0.032301
0 0.541992 0.931641 0.015625 0.027344
0 0.522949 0.902344 0.028320 0.015625
0 0.546875 0.967773 0.023438 0.023438
0 0.649414 0.944824 0.027344 0.022461
0 0.668457 0.913086 0.038086 0.015625
0 0.636719 0.866211 0.023438 0.021484
0 0.672363 0.883789 0.030273 0.015625
0 0.575195 0.853027 0.029297 0.024414
0 0.669922 0.810059 0.035156 0.018555
0 0.675781 0.850586 0.025391 0.023438
0 0.708008 0.832929 0.033204 0.029139
0 0.708496 0.871094 0.030273 0.023438
0 0.761129 0.871091 0.042870 0.031498
0 0.707520 0.904297 0.028320 0.017578
0 0.687988 0.940430 0.028320 0.023438
0 0.725098 0.935547 0.016602 0.025391
0 0.763672 0.962891 0.023438 0.027344
0 0.739746 0.984863 0.032227 0.028320
0 0.776367 0.919434 0.033203 0.022461
0 0.812988 0.947754 0.030273 0.028320
0 0.849609 0.945801 0.017578 0.024414
0 0.789551 0.990234 0.018555 0.017578
0 0.830078 0.987305 0.025391 0.023438
0 0.837891 0.874023 0.031250 0.033203
0 0.799316 0.860840 0.032227 0.026367
0 0.772461 0.818359 0.021484 0.025391
0 0.787109 0.787109 0.031250 0.013672
0 0.853516 0.807129 0.031250 0.014648
0 0.819336 0.828125 0.017578 0.025391
0 0.858398 0.838379 0.023438 0.012695
0 0.896484 0.828125 0.029297 0.013672
0 0.890358 0.795820 0.035174 0.025786
0 0.856665 0.774769 0.023877 0.022194
0 0.850586 0.701660 0.027344 0.018555
0 0.896973 0.759277 0.030273 0.018555
0 0.936523 0.743164 0.035156 0.021484
0 0.982422 0.724121 0.033203 0.014648
0 0.966797 0.815430 0.029297 0.023438
0 0.993652 0.777344 0.010742 0.017578
0 0.966797 0.815430 0.029297 0.023438
0 0.921875 0.852051 0.015625 0.026367
0 0.929688 0.880859 0.017578 0.025391
0 0.952637 0.865234 0.022461 0.029297
0 0.987793 0.845703 0.022461 0.013672
0 0.987793 0.885742 0.022461 0.031250
0 0.972168 0.914062 0.018555 0.017578
0 0.944824 0.938965 0.030273 0.024414
0 0.942383 0.935059 0.025391 0.016602
0 0.968262 0.959473 0.018555 0.028320
0 0.901547 0.969440 0.040700 0.012291
0 0.936315 0.963435 0.041136 0.018666
0 0.789062 0.566406 0.027344 0.025391
0 0.828125 0.549316 0.029297 0.016602
0 0.829590 0.588379 0.045898 0.024414
0 0.847656 0.525879 0.025391 0.028320
0 0.815918 0.503906 0.026367 0.025391
0 0.850593 0.479873 0.044936 0.024199
0 0.880371 0.472168 0.018555 0.018555
0 0.915527 0.489258 0.032227 0.021484
0 0.938965 0.462402 0.030273 0.016602
0 0.978027 0.474298 0.043945 0.020861
0 0.951880 0.514792 0.030713 0.033490
0 0.989741 0.510742 0.018555 0.025391
0 0.992676 0.543945 0.012695 0.013672
0 0.935059 0.559570 0.049805 0.023438
0 0.966797 0.421387 0.025391 0.024414
0 0.180176 0.956055 0.036133 0.027344
0 0.210938 0.897949 0.029297 0.022461
0 0.337402 0.952637 0.034180 0.024414
0 0.367676 0.968750 0.024414 0.025391
0 0.278320 0.935059 0.023438 0.030273
0 0.250000 0.909180 0.021484 0.027344
0 0.278809 0.990723 0.030273 0.016602
0 0.221191 0.986816 0.034180 0.024414
0 0.903431 0.438254 0.035107 0.025634
0 0.938564 0.779161 0.038399 0.022327
0 0.931105 0.810320 0.039944 0.019077
0 0.822754 0.755371 0.026367 0.024414
0 0.858887 0.741699 0.022461 0.022461
0 0.818848 0.790527 0.024414 0.018555
0 0.563231 0.788640 0.030759 0.024545
0 0.454590 0.889648 0.022461 0.027344
0 0.558772 0.995467 0.027863 0.009066
0 0.892008 0.995671 0.023405 0.008359
0 0.932130 0.993517 0.026748 0.012967
0 0.736368 0.736438 0.031763 0.025076
0 0.993314 0.411896 0.013371 0.025076
0 0.250488 0.852051 0.030273 0.018555
0 0.273926 0.880371 0.030273 0.022461
0 0.310547 0.886230 0.023438 0.026367
0 0.348145 0.900879 0.032227 0.022461
0 0.995092 0.972313 0.009815 0.025657
