0 0.039230 0.126347 0.062840 0.072870
0 0.465009 0.919041 0.085748 0.081073
0 0.911624 0.973331 0.047439 0.052399
0 0.053007 0.300853 0.050471 0.071705
0 0.707447 0.968652 0.046253 0.057145
0 0.242793 0.020624 0.079335 0.041248
0 0.335249 0.907303 0.082374 0.053762
0 0.068941 0.029178 0.053483 0.058357
0 0.011724 0.237056 0.024214 0.080088
0 0.032270 0.755368 0.061963 0.072630
0 0.012236 0.040800 0.024473 0.052289
0 0.147949 0.011719 0.057617 0.023438
0 0.031282 0.710548 0.060992 0.026915
0 0.007320 0.122588 0.014640 0.055143
