0 0.188121 0.307135 0.063772 0.066546
0 0.781288 0.056644 0.065566 0.065994
0 0.415786 0.553859 0.070512 0.039978
0 0.334133 0.932223 0.056935 0.051510
0 0.375768 0.377799 0.052140 0.076773
0 0.248798 0.554374 0.097476 0.058892
0 0.791584 0.862564 0.058374 0.049594
0 0.205439 0.745750 0.038196 0.065903
0 0.685900 0.678766 0.026602 0.041123
0 0.938385 0.301011 0.031822 0.030565
0 0.831919 0.678473 0.058474 0.064945
0 0.375942 0.217702 0.062144 0.042343
0 0.224221 0.033408 0.035862 0.043636
0 0.710079 0.184956 0.114571 0.139095
0 0.175019 0.531110 0.031805 0.044499
0 0.546077 0.031758 0.034376 0.037517
0 0.373139 0.072134 0.041937 0.031735
0 0.888509 0.084050 0.037507 0.051043
0 0.184039 0.056275 0.035913 0.033990
0 0.704189 0.473874 0.056982 0.069326
0 0.751953 0.332031 0.058594 0.037109
0 0.167568 0.563005 0.046707 0.027415
0 0.200060 0.584328 0.062953 0.059907
0 0.432474 0.386316 0.045953 0.055909
0 0.244258 0.756299 0.031018 0.049399
0 0.480341 0.843002 0.045953 0.031018
0 0.453727 0.861000 0.049399 0.033316
0 0.466938 0.897188 0.031401 0.057441
