0 0.219327 0.172879 0.020753 0.049884
0 0.659572 0.382907 0.049269 0.072590
0 0.020554 0.800608 0.041109 0.050155
0 0.772071 0.201784 0.049039 0.041283
0 0.491761 0.428917 0.035513 0.037143
0 0.060960 0.453017 0.035225 0.035257
0 0.809190 0.514623 0.060425 0.034231
0 0.116787 0.760616 0.061517 0.043979
0 0.045858 0.374892 0.037100 0.041486
0 0.344854 0.808199 0.063260 0.053759
0 0.050250 0.195021 0.032293 0.048053
0 0.168135 0.922348 0.065336 0.040816
0 0.108398 0.052734 0.052734 0.033203
0 0.094238 0.097656 0.051758 0.025391
0 0.380859 0.145996 0.027344 0.036133
0 0.191895 0.265625 0.049805 0.033203
0 0.175781 0.306152 0.056641 0.026367
0 0.171387 0.494141 0.047852 0.031250
0 0.751465 0.912109 0.043945 0.042969
0 0.757812 0.542969 0.029297 0.029297
0 0.966309 0.715332 0.045898 0.030273
0 0.195801 0.585938 0.024414 0.035156
0 0.079738 0.377757 0.029561 0.049884
0 0.083008 0.470215 0.035156 0.024414
0 0.356476 0.946617 0.062043 0.043699
0 0.205013 0.180270 0.027213 0.046189
0 0.083326 0.865544 0.020066 0.042012
0 0.561035 0.360840 0.043945 0.018555
0 0.960938 0.682617 0.052734 0.027344
