0 0.693664 0.102691 0.040715 0.039154
0 0.783005 0.950471 0.046507 0.069588
0 0.650760 0.039982 0.030443 0.031417
0 0.918002 0.807425 0.034656 0.032480
0 0.792304 0.185809 0.037122 0.026836
0 0.734726 0.252357 0.027157 0.039967
0 0.883620 0.975432 0.035442 0.030441
0 0.831623 0.660141 0.035762 0.032355
0 0.779328 0.334926 0.034990 0.027088
0 0.800952 0.824066 0.035485 0.019683
0 0.958105 0.613326 0.037376 0.030625
0 0.882777 0.700764 0.048120 0.067766
0 0.875355 0.860190 0.047831 0.043648
0 0.831108 0.439418 0.037493 0.025065
0 0.632194 0.226536 0.045702 0.026389
0 0.608548 0.144109 0.039472 0.026379
0 0.618696 0.023528 0.030413 0.042240
0 0.711925 0.366622 0.028695 0.042017
0 0.906637 0.363036 0.043042 0.036893
0 0.694247 0.186513 0.037405 0.038430
0 0.757069 0.747153 0.030205 0.026849
0 0.749308 0.773583 0.034820 0.025171
0 0.733223 0.878210 0.039069 0.044111
0 0.956656 0.641433 0.036079 0.029786
0 0.988606 0.805885 0.022788 0.024752
0 0.716650 0.254332 0.015990 0.036682
0 0.914477 0.463782 0.017871 0.026963
0 0.799883 0.848869 0.021320 0.034174
0 0.815246 0.941841 0.029471 0.042953
