0 0.147910 0.199204 0.049758 0.051716
0 0.460894 0.072393 0.044052 0.041395
0 0.259068 0.478572 0.045101 0.040125
0 0.648549 0.682186 0.050602 0.053869
0 0.300330 0.595923 0.038827 0.046357
0 0.732675 0.431153 0.041909 0.042116
0 0.521126 0.182264 0.047389 0.040580
0 0.121102 0.662396 0.052759 0.043643
0 0.156691 0.777587 0.060921 0.053085
0 0.298864 0.188198 0.053729 0.048324
0 0.280880 0.092092 0.053626 0.049131
0 0.210064 0.366866 0.055245 0.044621
0 0.385373 0.138830 0.036834 0.029203
0 0.635034 0.528282 0.035477 0.037713
0 0.936575 0.538564 0.068493 0.047818
0 0.903091 0.623785 0.043890 0.042634
0 0.542507 0.349719 0.057670 0.052321
0 0.438648 0.449210 0.053084 0.048978
0 0.390663 0.250572 0.044101 0.038867
0 0.594619 0.263031 0.041396 0.049844
0 0.241489 0.383839 0.070119 0.053223
