0 0.590470 0.038162 0.052794 0.036708
0 0.049037 0.032430 0.042011 0.065881
0 0.656789 0.115906 0.033814 0.028568
0 0.156797 0.035812 0.031528 0.033010
0 0.275849 0.151758 0.029506 0.025408
0 0.738628 0.187613 0.027336 0.032654
0 0.296104 0.116973 0.027707 0.028771
0 0.349527 0.189571 0.048083 0.032154
0 0.341771 0.345265 0.022528 0.019469
0 0.632612 0.311552 0.038382 0.029068
0 0.143184 0.414614 0.036611 0.026876
0 0.499444 0.079911 0.038435 0.029445
0 0.250252 0.047371 0.034285 0.024631
0 0.220702 0.017046 0.029203 0.024796
0 0.936545 0.026359 0.022907 0.028163
0 0.489593 0.009145 0.037391 0.018290
0 0.854124 0.018281 0.029913 0.025187
0 0.118385 0.080661 0.026330 0.025741
0 0.324386 0.086075 0.025813 0.017841
0 0.168372 0.378555 0.043274 0.022776
0 0.163816 0.403988 0.028090 0.021257
0 0.196082 0.420500 0.034923 0.032266
0 0.575641 0.177108 0.025591 0.021815
0 0.565782 0.087121 0.021815 0.024752
0 0.696672 0.067613 0.028527 0.020137
0 0.887344 0.185708 0.033142 0.018039
0 0.125934 0.033650 0.019298 0.017200
0 0.422724 0.157444 0.037095 0.019921
