0 0.123044 0.339085 0.028268 0.049886
0 0.776772 0.213821 0.033194 0.030521
0 0.718727 0.068304 0.034093 0.052838
0 0.682809 0.198226 0.031169 0.033750
0 0.251902 0.246322 0.050976 0.034211
0 0.426173 0.379404 0.019258 0.016992
0 0.668214 0.485589 0.036459 0.033224
0 0.406519 0.849688 0.039507 0.048133
0 0.550544 0.648823 0.040111 0.027624
0 0.757293 0.421920 0.028233 0.034308
0 0.446805 0.884411 0.043251 0.055528
0 0.737770 0.825362 0.032222 0.036706
0 0.779159 0.937923 0.044279 0.042287
0 0.804634 0.880503 0.032477 0.043124
0 0.910207 0.735166 0.031008 0.033725
0 0.778654 0.458881 0.032876 0.033951
0 0.780247 0.796640 0.031451 0.033427
0 0.452368 0.753946 0.058323 0.037416
0 0.554500 0.705173 0.029087 0.042561
0 0.798770 0.830991 0.037757 0.037674
0 0.643147 0.529892 0.039274 0.026612
0 0.657128 0.665126 0.028961 0.033740
0 0.757004 0.870946 0.032547 0.035262
0 0.901681 0.785768 0.039796 0.046908
0 0.602002 0.700103 0.032101 0.036868
0 0.824920 0.452237 0.033610 0.036989
0 0.760101 0.583151 0.029906 0.043500
0 0.705354 0.654429 0.030164 0.042766
0 0.902169 0.634740 0.033666 0.038001
0 0.794333 0.299872 0.031846 0.033628
0 0.640266 0.595039 0.032514 0.034636
0 0.721938 0.218667 0.031108 0.029273
0 0.650453 0.763261 0.030236 0.034512
0 0.825391 0.380577 0.025085 0.038213
0 0.761172 0.721767 0.035590 0.035003
0 0.842726 0.792172 0.039610 0.040488
0 0.847058 0.578388 0.016840 0.037868
0 0.960251 0.721364 0.029131 0.041021
0 0.721598 0.266541 0.028540 0.031146
0 0.727882 0.191880 0.036108 0.027221
0 0.492843 0.837135 0.034715 0.036253
0 0.197415 0.304458 0.039875 0.021976
0 0.746438 0.675771 0.035785 0.035922
0 0.713963 0.863464 0.031676 0.038899
0 0.820414 0.325763 0.024892 0.038554
0 0.799378 0.599113 0.033367 0.039175
0 0.636123 0.800929 0.031557 0.034908
0 0.836954 0.506499 0.033587 0.036234
0 0.936010 0.660278 0.032216 0.035633
0 0.720528 0.789303 0.031473 0.035246
0 0.870806 0.705008 0.034665 0.034924
0 0.670519 0.817685 0.030112 0.035587
0 0.744925 0.247260 0.028444 0.032804
0 0.868331 0.665678 0.032838 0.034050
0 0.843520 0.645493 0.030054 0.036501
0 0.909118 0.690245 0.031571 0.032595
0 0.675307 0.721054 0.033735 0.035799
0 0.635690 0.725862 0.029727 0.033462
0 0.693522 0.569721 0.039177 0.030998
0 0.746584 0.763473 0.029595 0.034767
0 0.879908 0.511408 0.030547 0.037200
0 0.878058 0.287234 0.025170 0.039211
0 0.756474 0.275873 0.032333 0.032297
0 0.542812 0.824072 0.057407 0.027374
0 0.791591 0.749893 0.035196 0.037347
0 0.245156 0.283127 0.037031 0.021636
0 0.351562 0.364746 0.011719 0.018555
0 0.364336 0.367474 0.013703 0.019412
0 0.389160 0.380859 0.010742 0.015625
0 0.780569 0.530049 0.032227 0.032227
0 0.971108 0.297041 0.066206 0.056362
0 0.963379 0.229492 0.014648 0.031250
0 0.904297 0.333984 0.017578 0.031250
0 0.933594 0.336914 0.027344 0.009766
0 0.865234 0.351562 0.013672 0.029297
0 0.861328 0.391113 0.015625 0.026367
0 0.867188 0.413574 0.029297 0.022461
0 0.877441 0.451660 0.016602 0.028320
0 0.853027 0.474121 0.026367 0.018555
0 0.900391 0.485840 0.021484 0.028320
0 0.921875 0.459473 0.015625 0.016602
0 0.897949 0.390137 0.010742 0.026367
0 0.930664 0.403320 0.015625 0.025391
0 0.948242 0.372070 0.011719 0.021484
0 0.990234 0.350586 0.017578 0.021484
0 0.958496 0.345703 0.014648 0.015625
0 0.968750 0.399902 0.017578 0.028320
0 0.980957 0.429199 0.018555 0.018555
0 0.907715 0.429688 0.018555 0.023438
0 0.953125 0.460449 0.011719 0.014648
0 0.946289 0.432129 0.017578 0.022461
0 0.982422 0.461914 0.015625 0.021484
0 0.982422 0.488281 0.021484 0.015625
0 0.932129 0.482422 0.024414 0.013672
0 0.947754 0.517090 0.014648 0.024414
0 0.971680 0.519531 0.021484 0.015625
0 0.934082 0.569336 0.026367 0.031250
0 0.908203 0.542969 0.021484 0.027344
0 0.963867 0.547852 0.021484 0.023438
0 0.979004 0.570312 0.026367 0.017578
0 0.968262 0.588379 0.016602 0.022461
0 0.935547 0.611328 0.015625 0.029297
0 0.962402 0.631348 0.016602 0.022461
0 0.992676 0.612793 0.012695 0.022461
0 0.970215 0.677246 0.034180 0.024414
0 0.760742 0.643066 0.023438 0.026367
0 0.792480 0.637207 0.026367 0.014648
0 0.789062 0.666016 0.027344 0.017578
0 0.825195 0.708496 0.031250 0.022461
0 0.833496 0.752441 0.016602 0.038086
0 0.875000 0.745605 0.017578 0.026367
0 0.666504 0.860840 0.022461 0.036133
0 0.622070 0.833496 0.023438 0.026367
0 0.597656 0.803711 0.017578 0.029297
0 0.602051 0.768066 0.026367 0.022461
0 0.586552 0.736616 0.033487 0.026029
0 0.729492 0.909180 0.011719 0.031250
0 0.606934 0.872070 0.022461 0.033203
0 0.535701 0.794873 0.037868 0.026462
0 0.554199 0.748535 0.016602 0.034180
0 0.696068 0.809473 0.029199 0.035587
0 0.870306 0.541251 0.030020 0.029655
0 0.897925 0.574675 0.037109 0.027344
0 0.736400 0.304737 0.020074 0.034218
0 0.752961 0.058414 0.031480 0.020074
0 0.708706 0.708370 0.026006 0.041974
0 0.827647 0.533723 0.022812 0.032849
0 0.984735 0.651855 0.012695 0.024414
0 0.931624 0.279416 0.030568 0.043799
0 0.721191 0.743164 0.012695 0.023438
0 0.686523 0.764648 0.013672 0.023438
0 0.909668 0.365723 0.022461 0.014648
