0 0.055296 0.326503 0.080849 0.065740
0 0.823069 0.048763 0.051260 0.049439
0 0.720795 0.146098 0.068379 0.065397
0 0.123468 0.972259 0.046160 0.046335
0 0.217997 0.890355 0.076212 0.052512
0 0.086680 0.510256 0.048969 0.062653
0 0.968250 0.946415 0.060774 0.073290
0 0.136932 0.065246 0.045371 0.049739
0 0.770610 0.357467 0.077765 0.047452
0 0.136047 0.707946 0.077045 0.058625
0 0.543375 0.883238 0.036417 0.030558
0 0.241782 0.306405 0.054171 0.050117
0 0.799694 0.706029 0.084424 0.073813
0 0.899009 0.242736 0.063081 0.073932
0 0.762301 0.397864 0.077751 0.035339
0 0.672663 0.516588 0.066934 0.073750
0 0.750570 0.240111 0.045418 0.032549
0 0.245342 0.594586 0.071183 0.053366
0 0.648848 0.113120 0.082133 0.058394
0 0.919399 0.603372 0.046038 0.036488
0 0.452857 0.210169 0.086597 0.052781
0 0.680894 0.756771 0.066324 0.060987
0 0.978484 0.029941 0.038834 0.046814
0 0.971942 0.633195 0.056116 0.063254
0 0.608982 0.534192 0.043661 0.026440
0 0.802174 0.884480 0.083991 0.078414
0 0.794169 0.031126 0.062587 0.062252
0 0.033666 0.574763 0.057060 0.038189
0 0.654616 0.734307 0.036021 0.033061
0 0.720672 0.902024 0.058568 0.050112
0 0.967099 0.595409 0.032769 0.029487
0 0.202637 0.966797 0.034180 0.064453
0 0.156478 0.962622 0.043620 0.037094
0 0.176844 0.063384 0.041583 0.041583
0 0.732910 0.501465 0.043945 0.030273
0 0.732422 0.531250 0.048828 0.033203
0 0.788107 0.416241 0.061780 0.027326
0 0.626530 0.922360 0.078413 0.070096
0 0.290049 0.307305 0.058671 0.073627
0 0.294881 0.612770 0.069025 0.052919
0 0.248864 0.682945 0.048318 0.078228
0 0.531996 0.911662 0.041415 0.042565
0 0.961656 0.989915 0.034094 0.020170
