0 0.251839 0.616902 0.043762 0.036293
0 0.190346 0.776767 0.048050 0.043962
0 0.022459 0.900665 0.037017 0.026624
0 0.970959 0.763153 0.042229 0.040551
0 0.139540 0.639342 0.043336 0.041504
0 0.830950 0.236276 0.035685 0.025649
0 0.475212 0.251058 0.040283 0.026190
0 0.448616 0.475667 0.040242 0.028825
0 0.234160 0.732131 0.045200 0.040313
0 0.228996 0.315611 0.035306 0.026064
0 0.463127 0.526890 0.035655 0.038364
0 0.776001 0.941895 0.034044 0.031671
0 0.753460 0.975550 0.040050 0.030239
0 0.533288 0.169057 0.033778 0.031958
0 0.200165 0.511966 0.035644 0.032981
0 0.198846 0.281981 0.036239 0.026734
0 0.504588 0.615794 0.033980 0.029224
0 0.317078 0.894307 0.033875 0.036832
0 0.019486 0.206313 0.036582 0.030369
0 0.303189 0.613860 0.039123 0.027358
0 0.029073 0.810599 0.042062 0.040429
0 0.526076 0.791637 0.035505 0.038071
0 0.901053 0.119597 0.038119 0.026457
0 0.669402 0.036126 0.031673 0.034123
0 0.491484 0.956451 0.039080 0.026568
0 0.070718 0.926831 0.031303 0.035263
0 0.764316 0.019446 0.035186 0.032474
0 0.103084 0.709413 0.051332 0.048678
0 0.666064 0.923193 0.034142 0.032167
0 0.340322 0.335535 0.031633 0.036968
0 0.364211 0.885085 0.040072 0.029239
0 0.190734 0.180501 0.034755 0.025636
0 0.261189 0.389412 0.031647 0.034455
0 0.021922 0.083650 0.030953 0.032471
0 0.259175 0.883762 0.032427 0.033257
0 0.435041 0.655469 0.036490 0.033675
0 0.111016 0.885278 0.044130 0.043061
0 0.676832 0.611239 0.034156 0.034604
0 0.125569 0.081488 0.037996 0.027906
0 0.092778 0.836825 0.038780 0.029657
0 0.063994 0.575202 0.038333 0.028907
0 0.449752 0.334461 0.033364 0.037148
0 0.493878 0.572507 0.030139 0.033031
0 0.524667 0.743993 0.033361 0.031642
0 0.566401 0.688149 0.034529 0.030720
0 0.087966 0.237477 0.037215 0.031547
0 0.025533 0.443283 0.040770 0.028380
0 0.462029 0.025353 0.031284 0.035485
0 0.699612 0.284690 0.037386 0.028433
0 0.090152 0.115466 0.036013 0.028375
0 0.027527 0.316149 0.036081 0.026281
0 0.415159 0.706121 0.039741 0.031003
0 0.146972 0.675857 0.038063 0.033187
0 0.878213 0.240537 0.033443 0.032358
0 0.629692 0.972598 0.037716 0.029290
0 0.415425 0.385432 0.032148 0.034168
0 0.034095 0.404513 0.040713 0.029504
0 0.149057 0.520059 0.050766 0.041179
0 0.559993 0.518712 0.047390 0.031595
0 0.464748 0.824632 0.037452 0.031474
0 0.188199 0.355977 0.040262 0.028309
0 0.052327 0.856630 0.037657 0.030838
0 0.064132 0.781941 0.037410 0.030191
0 0.325189 0.197084 0.035068 0.027245
0 0.668945 0.880373 0.034524 0.030765
0 0.430597 0.061353 0.035562 0.026654
0 0.229040 0.834014 0.044140 0.030901
0 0.869917 0.037611 0.047966 0.041538
0 0.566620 0.940397 0.040687 0.028824
0 0.490743 0.400429 0.029262 0.032562
0 0.574091 0.429785 0.039685 0.028611
0 0.248771 0.236667 0.037385 0.026088
0 0.513134 0.705050 0.033869 0.023651
0 0.489873 0.680139 0.032996 0.036515
0 0.351346 0.404358 0.029755 0.032574
0 0.055096 0.686854 0.041138 0.030546
0 0.893208 0.840996 0.033790 0.033812
0 0.508636 0.530866 0.034693 0.031345
0 0.523386 0.847931 0.039194 0.035356
0 0.178223 0.701764 0.044922 0.042607
0 0.845869 0.839299 0.034068 0.031488
0 0.562108 0.295384 0.033042 0.031564
0 0.561055 0.751738 0.053261 0.041527
0 0.882146 0.081403 0.040060 0.027713
0 0.363404 0.029796 0.039199 0.025806
0 0.615392 0.699675 0.034616 0.028787
0 0.130908 0.558650 0.044107 0.038820
0 0.291537 0.489829 0.039458 0.035724
0 0.140732 0.736278 0.041885 0.026466
0 0.193276 0.234557 0.032448 0.033598
0 0.074612 0.733715 0.036912 0.032252
0 0.341282 0.454492 0.039742 0.028836
0 0.414038 0.030214 0.034968 0.028682
0 0.271863 0.908160 0.051703 0.049850
0 0.516503 0.278349 0.031355 0.033590
0 0.425668 0.223912 0.038132 0.030680
0 0.471063 0.731037 0.036272 0.027770
0 0.174431 0.561177 0.035406 0.037019
0 0.400110 0.516291 0.037982 0.033177
0 0.854233 0.955547 0.035962 0.031809
0 0.184720 0.474421 0.035576 0.029944
0 0.813432 0.950498 0.034488 0.030059
0 0.880632 0.194999 0.031359 0.034960
0 0.385764 0.936643 0.033919 0.032776
0 0.714290 0.335487 0.034605 0.031658
0 0.311868 0.021599 0.038622 0.026449
0 0.941347 0.675031 0.038812 0.028673
0 0.384942 0.661306 0.040822 0.029475
0 0.403666 0.910487 0.037020 0.027247
0 0.584903 0.179850 0.043385 0.027680
0 0.160277 0.148923 0.032743 0.027625
0 0.041427 0.351715 0.037239 0.027360
0 0.766786 0.280018 0.042000 0.027142
0 0.634165 0.204402 0.032819 0.034167
0 0.869414 0.155853 0.039420 0.026972
0 0.664381 0.705167 0.035659 0.035359
0 0.335833 0.753628 0.038969 0.031935
0 0.938968 0.633616 0.039145 0.028830
0 0.953852 0.386853 0.034741 0.029138
0 0.664231 0.323306 0.034198 0.030142
0 0.162187 0.954027 0.036975 0.033771
0 0.303748 0.229608 0.042030 0.030244
0 0.589767 0.653916 0.037387 0.029305
0 0.049528 0.100124 0.032325 0.029210
0 0.616747 0.536920 0.037887 0.024003
0 0.580181 0.720555 0.035314 0.027622
0 0.086081 0.644426 0.041430 0.028603
0 0.554771 0.381199 0.029784 0.032778
0 0.235684 0.781378 0.036926 0.030929
0 0.263508 0.192019 0.037086 0.027789
0 0.022250 0.988577 0.039358 0.022847
0 0.106822 0.944587 0.034064 0.035986
0 0.501439 0.121055 0.029525 0.032465
0 0.310551 0.650113 0.048192 0.042665
0 0.078070 0.440451 0.036030 0.035881
0 0.440512 0.285605 0.038339 0.027018
0 0.059717 0.145001 0.034840 0.029811
0 0.720763 0.928423 0.034239 0.034902
0 0.551787 0.465329 0.033565 0.031233
0 0.711349 0.445927 0.035840 0.027628
0 0.803612 0.276367 0.040471 0.026450
0 0.640927 0.420951 0.036658 0.032679
0 0.428795 0.751666 0.037302 0.027286
0 0.935238 0.064571 0.033499 0.033524
0 0.645927 0.289171 0.033565 0.031446
0 0.935261 0.215371 0.036232 0.030590
0 0.546221 0.607233 0.032814 0.028887
0 0.293525 0.697353 0.047234 0.034434
0 0.175388 0.616350 0.029082 0.031587
0 0.389594 0.770259 0.041339 0.029840
0 0.095796 0.600777 0.040737 0.030582
0 0.866104 0.278443 0.039820 0.031084
0 0.755573 0.054701 0.035943 0.027909
0 0.545659 0.040687 0.035195 0.025838
0 0.047111 0.523844 0.033480 0.036184
0 0.304789 0.560539 0.033889 0.027871
0 0.748120 0.139538 0.035752 0.032168
0 0.805853 0.715213 0.036118 0.027279
0 0.268945 0.529538 0.039146 0.029446
0 0.439633 0.144425 0.037716 0.027344
0 0.655816 0.246759 0.038182 0.026110
0 0.210252 0.065645 0.034410 0.024822
0 0.026855 0.027344 0.028320 0.013672
0 0.083984 0.020508 0.035156 0.023438
0 0.141602 0.032715 0.029297 0.018555
0 0.177734 0.009277 0.017578 0.018555
0 0.170898 0.038574 0.027344 0.022461
0 0.041504 0.057617 0.026367 0.017578
0 0.084961 0.068359 0.039062 0.023438
0 0.209473 0.010254 0.022461 0.020508
0 0.223633 0.033691 0.027344 0.024414
0 0.255371 0.006348 0.022461 0.012695
0 0.209473 0.010254 0.022461 0.020508
0 0.222656 0.034180 0.027344 0.023438
0 0.274902 0.044922 0.018555 0.031250
0 0.199219 0.111816 0.031250 0.018555
0 0.166992 0.094238 0.025391 0.022461
0 0.201172 0.144043 0.025391 0.030273
0 0.267090 0.122070 0.038086 0.023438
0 0.251953 0.160645 0.031250 0.018555
0 0.291992 0.164062 0.033203 0.021484
0 0.218262 0.199219 0.034180 0.029297
0 0.315918 0.138672 0.034180 0.025391
0 0.328125 0.097168 0.037109 0.018555
0 0.292969 0.074707 0.033203 0.016602
0 0.345215 0.060059 0.026367 0.024414
0 0.015625 0.123535 0.031250 0.028320
0 0.016113 0.163574 0.028320 0.028320
0 0.069824 0.192871 0.022461 0.036133
0 0.110352 0.162598 0.029297 0.018555
0 0.133301 0.181641 0.022461 0.031250
0 0.138672 0.213379 0.035156 0.018555
0 0.138672 0.213379 0.035156 0.018555
0 0.133301 0.181641 0.022461 0.031250
0 0.130859 0.254395 0.033203 0.030273
0 0.132324 0.296387 0.038086 0.028320
0 0.081055 0.287598 0.035156 0.024414
0 0.053223 0.268066 0.022461 0.030273
0 0.028809 0.242188 0.024414 0.027344
0 0.250488 0.270020 0.030273 0.028320
0 0.334473 0.264648 0.030273 0.021484
0 0.399902 0.259277 0.032227 0.018555
0 0.366699 0.292480 0.028320 0.024414
0 0.398926 0.322754 0.026367 0.032227
0 0.296387 0.310547 0.028320 0.023438
0 0.279297 0.334473 0.021484 0.016602
0 0.242188 0.346191 0.021484 0.016602
0 0.186523 0.311523 0.023438 0.035156
0 0.095703 0.343262 0.027344 0.030273
0 0.095703 0.343262 0.027344 0.030273
0 0.097168 0.386719 0.030273 0.025391
0 0.140137 0.357422 0.030273 0.017578
0 0.128418 0.413574 0.036133 0.022461
0 0.163086 0.429688 0.044922 0.017578
0 0.199219 0.392090 0.031250 0.022461
0 0.263672 0.444336 0.023438 0.033203
0 0.220703 0.418457 0.037109 0.024414
0 0.125000 0.465820 0.033203 0.023438
0 0.084961 0.479492 0.023438 0.033203
0 0.031738 0.488281 0.022461 0.021484
0 0.227539 0.543945 0.035156 0.017578
0 0.211426 0.587891 0.034180 0.017578
0 0.261719 0.573730 0.031250 0.018555
0 0.373535 0.549805 0.034180 0.027344
0 0.331055 0.528809 0.027344 0.028320
0 0.358887 0.493652 0.030273 0.024414
0 0.383301 0.604492 0.026367 0.021484
0 0.387207 0.461426 0.032227 0.016602
0 0.358398 0.493652 0.029297 0.022461
0 0.351074 0.579590 0.043945 0.022461
0 0.383301 0.604492 0.026367 0.021484
0 0.461426 0.595215 0.026367 0.030273
0 0.529785 0.648926 0.038086 0.024414
0 0.589355 0.607910 0.028320 0.012695
0 0.630859 0.581543 0.025391 0.026367
0 0.632812 0.623535 0.025391 0.026367
0 0.688965 0.563477 0.028320 0.013672
0 0.628906 0.495117 0.021484 0.017578
0 0.608398 0.456543 0.027344 0.016602
0 0.695312 0.483398 0.039062 0.021484
0 0.674316 0.442871 0.028320 0.018555
0 0.698730 0.403320 0.028320 0.031250
0 0.604492 0.391113 0.031250 0.018555
0 0.499023 0.445801 0.029297 0.030273
0 0.501953 0.497070 0.025391 0.027344
0 0.287598 0.803711 0.030273 0.017578
0 0.335938 0.811035 0.033203 0.014648
0 0.342285 0.853516 0.018555 0.031250
0 0.379395 0.850586 0.016602 0.029297
0 0.410156 0.865723 0.027344 0.016602
0 0.456543 0.868652 0.022461 0.030273
0 0.505859 0.891113 0.017578 0.024414
0 0.498047 0.874512 0.015625 0.014648
0 0.468262 0.908203 0.026367 0.015625
0 0.444824 0.932129 0.028320 0.012695
0 0.446289 0.962402 0.021484 0.018555
0 0.320801 0.959473 0.028320 0.022461
0 0.257812 0.960938 0.033203 0.023438
0 0.209961 0.945801 0.037109 0.022461
0 0.200684 0.887207 0.043945 0.026367
0 0.164551 0.841797 0.028320 0.021484
0 0.062012 0.957031 0.022461 0.031250
0 0.101074 0.984863 0.028320 0.028320
0 0.200684 0.987793 0.026367 0.022461
0 0.307129 0.988770 0.030273 0.020508
0 0.355957 0.981934 0.026367 0.034180
0 0.530762 0.984863 0.030273 0.028320
0 0.583984 0.984863 0.023438 0.022461
0 0.687500 0.956543 0.027344 0.016602
0 0.615234 0.922852 0.033203 0.025391
0 0.600586 0.879883 0.031250 0.023438
0 0.638672 0.849609 0.033203 0.017578
0 0.594238 0.836914 0.032227 0.017578
0 0.552734 0.820801 0.042969 0.028320
0 0.589355 0.792480 0.016602 0.026367
0 0.621582 0.805664 0.028320 0.013672
0 0.654785 0.782715 0.026367 0.014648
0 0.694824 0.756348 0.030273 0.024414
0 0.718750 0.867676 0.027344 0.010742
0 0.698730 0.894531 0.024414 0.015625
0 0.278320 0.756836 0.037109 0.021484
0 0.192871 0.648926 0.028320 0.026367
0 0.254395 0.666992 0.026367 0.029297
0 0.020996 0.604492 0.028320 0.023438
0 0.033169 0.645728 0.031181 0.029376
0 0.508789 0.012207 0.029297 0.024414
0 0.582031 0.011230 0.029297 0.022461
0 0.621582 0.016602 0.026367 0.021484
0 0.594727 0.044922 0.025391 0.017578
0 0.554199 0.072754 0.034180 0.018555
0 0.467773 0.085449 0.029297 0.043945
0 0.549316 0.122559 0.024414 0.026367
0 0.585449 0.135742 0.024414 0.031250
0 0.637695 0.126953 0.021484 0.025391
0 0.602051 0.087402 0.022461 0.028320
0 0.633301 0.157715 0.034180 0.018555
0 0.682617 0.182617 0.031250 0.021484
0 0.705566 0.152344 0.032227 0.017578
0 0.679688 0.126465 0.021484 0.030273
0 0.697754 0.068359 0.032227 0.029297
0 0.710938 0.012207 0.027344 0.024414
0 0.583984 0.227539 0.035156 0.031250
0 0.489746 0.194824 0.030273 0.022461
0 0.414641 0.187146 0.047103 0.022729
0 0.455714 0.181786 0.025484 0.027077
0 0.365723 0.109863 0.022461 0.032227
0 0.393066 0.081543 0.024414 0.028320
0 0.378418 0.355957 0.034180 0.024414
0 0.306152 0.375000 0.040039 0.023438
0 0.290527 0.413574 0.036133 0.024414
0 0.445801 0.560547 0.030273 0.037109
0 0.443848 0.427246 0.036133 0.022461
0 0.401367 0.422363 0.037109 0.018555
0 0.769531 0.451660 0.023438 0.038086
0 0.805176 0.431152 0.024414 0.022461
0 0.741699 0.419922 0.028320 0.021484
0 0.755859 0.388672 0.029297 0.021484
0 0.809570 0.459961 0.023438 0.017578
0 0.868652 0.465820 0.024414 0.015625
0 0.934570 0.499023 0.027344 0.017578
0 0.965820 0.468262 0.027344 0.028320
0 0.958984 0.429199 0.025391 0.032227
0 0.755122 0.514070 0.023957 0.016858
0 0.734863 0.547852 0.026367 0.017578
0 0.728516 0.582520 0.031250 0.016602
0 0.730469 0.617188 0.027344 0.015625
0 0.740234 0.650879 0.021484 0.030273
0 0.764648 0.649902 0.015625 0.014648
0 0.703125 0.690918 0.017578 0.016602
0 0.734375 0.708496 0.027344 0.022461
0 0.772461 0.706543 0.025391 0.014648
0 0.770996 0.742188 0.032227 0.015625
0 0.732910 0.784668 0.028320 0.014648
0 0.809570 0.759277 0.021484 0.014648
0 0.807129 0.785156 0.028320 0.021484
0 0.862305 0.728027 0.031250 0.024414
0 0.883789 0.677734 0.023438 0.033203
0 0.852051 0.683105 0.012695 0.026367
0 0.815430 0.632812 0.021484 0.015625
0 0.770996 0.589844 0.026367 0.015625
0 0.786133 0.559570 0.021484 0.017578
0 0.821777 0.545410 0.026367 0.022461
0 0.814453 0.597656 0.025391 0.013672
0 0.848633 0.575684 0.021484 0.016602
0 0.873535 0.602539 0.022461 0.031250
0 0.878906 0.638672 0.031250 0.021484
0 0.916016 0.591309 0.033203 0.022461
0 0.970215 0.901855 0.030273 0.047852
0 0.814453 0.906250 0.031250 0.017578
0 0.788574 0.861816 0.022461 0.022461
0 0.919434 0.899414 0.034180 0.023438
0 0.873535 0.900391 0.036133 0.027344
0 0.977051 0.877930 0.016602 0.025391
0 0.952148 0.856934 0.027344 0.026367
0 0.943848 0.829102 0.026367 0.017578
0 0.916992 0.793945 0.029297 0.023438
0 0.918457 0.744629 0.034180 0.024414
0 0.914551 0.708984 0.032227 0.025391
0 0.984863 0.679199 0.022461 0.014648
0 0.975098 0.964355 0.018555 0.034180
0 0.951465 0.985414 0.040616 0.027220
0 0.899902 0.973633 0.022461 0.023438
0 0.816895 0.027832 0.036133 0.022461
0 0.825195 0.070312 0.033203 0.023438
0 0.839844 0.101074 0.033203 0.024414
0 0.791016 0.117676 0.029297 0.018555
0 0.739746 0.094727 0.036133 0.023438
0 0.827148 0.141602 0.031250 0.017578
0 0.768066 0.164062 0.022461 0.031250
0 0.724121 0.196777 0.028320 0.022461
0 0.735352 0.247070 0.023438 0.021484
0 0.823730 0.192383 0.030273 0.023438
0 0.923340 0.170898 0.028320 0.025391
0 0.944824 0.126953 0.024414 0.023438
0 0.971191 0.130371 0.030273 0.022461
0 0.958008 0.097168 0.035156 0.018555
0 0.967285 0.009277 0.032227 0.018555
0 0.985840 0.087891 0.026367 0.017578
0 0.988770 0.176758 0.020508 0.027344
0 0.761719 0.321289 0.027344 0.025391
0 0.803711 0.342773 0.021484 0.025391
0 0.916504 0.268066 0.036133 0.024414
0 0.965332 0.347656 0.026367 0.017578
0 0.918457 0.744629 0.034180 0.024414
0 0.867676 0.788086 0.028320 0.021484
0 0.841797 0.764160 0.025391 0.018555
0 0.873535 0.900879 0.036133 0.026367
0 0.902832 0.940918 0.018555 0.014648
0 0.930176 0.962402 0.028320 0.018555
0 0.975098 0.959961 0.018555 0.025391
0 0.513672 0.921875 0.031250 0.017578
0 0.550781 0.896973 0.031250 0.022461
0 0.440430 0.792480 0.033203 0.018555
0 0.469727 0.772461 0.027344 0.021484
0 0.513672 0.922363 0.031250 0.016602
0 0.392578 0.812012 0.033203 0.024414
0 0.688477 0.990723 0.046875 0.016602
0 0.808594 0.980469 0.015625 0.029297
0 0.741211 0.898438 0.021484 0.023438
0 0.768555 0.893066 0.025391 0.014648
0 0.744141 0.864746 0.025391 0.012695
0 0.731445 0.829102 0.029297 0.017578
0 0.707031 0.810059 0.021484 0.014648
0 0.668945 0.809082 0.027344 0.016602
0 0.766113 0.806641 0.024414 0.013672
0 0.654297 0.750000 0.025391 0.017578
0 0.702148 0.724121 0.029297 0.016602
0 0.736328 0.755371 0.015625 0.026367
0 0.658203 0.662598 0.029297 0.022461
0 0.626953 0.669434 0.027344 0.012695
0 0.703613 0.531250 0.024414 0.023438
0 0.570801 0.564941 0.016602 0.024414
0 0.533203 0.559570 0.023438 0.027344
0 0.791504 0.492676 0.026367 0.012695
0 0.829102 0.484863 0.021484 0.022461
0 0.862305 0.499023 0.029297 0.021484
0 0.864746 0.540527 0.026367 0.024414
0 0.895508 0.501953 0.027344 0.015625
0 0.897949 0.527832 0.016602 0.028320
0 0.859863 0.389648 0.024414 0.015625
0 0.827148 0.379395 0.023438 0.014648
0 0.876953 0.342285 0.025391 0.016602
0 0.827148 0.320312 0.037109 0.029297
0 0.941406 0.317383 0.025391 0.031250
0 0.924316 0.355469 0.022461 0.031250
0 0.908203 0.396973 0.021484 0.012695
0 0.908691 0.467285 0.024414 0.016602
0 0.910645 0.424316 0.026367 0.028320
0 0.988770 0.320801 0.020508 0.018555
0 0.974609 0.288086 0.023438 0.025391
0 0.959473 0.252441 0.034180 0.018555
0 0.785645 0.240723 0.024414 0.018555
0 0.598145 0.319336 0.036133 0.021484
0 0.587402 0.354980 0.024414 0.032227
0 0.629883 0.348633 0.021484 0.015625
0 0.490234 0.311523 0.025391 0.029297
0 0.390137 0.146484 0.030273 0.021484
0 0.353516 0.164062 0.035156 0.023438
0 0.008301 0.678223 0.016602 0.024414
0 0.019043 0.939453 0.030273 0.023438
0 0.138184 0.791504 0.028320 0.018555
0 0.110840 0.769531 0.032227 0.021484
0 0.028809 0.738281 0.026367 0.039062
0 0.166504 0.257812 0.028320 0.015625
0 0.252441 0.085938 0.024414 0.025391
0 0.364746 0.228027 0.032227 0.024414
0 0.161621 0.864746 0.030273 0.026367
0 0.006348 0.864258 0.012695 0.027344
0 0.527832 0.224121 0.030273 0.022461
0 0.594238 0.486816 0.022461 0.014648
0 0.700684 0.243652 0.022461 0.026367
0 0.673340 0.379883 0.034180 0.025391
0 0.973145 0.711426 0.026367 0.022461
0 0.434570 0.894531 0.023438 0.013672
0 0.335449 0.701172 0.028320 0.021484
0 0.493164 0.068359 0.029297 0.021484
0 0.911621 0.017578 0.032227 0.023438
0 0.788086 0.672363 0.027344 0.016602
0 0.921875 0.552246 0.025391 0.014648
0 0.970703 0.588379 0.027344 0.030273
0 0.616211 0.768555 0.027344 0.025391
0 0.251465 0.485840 0.030273 0.018555
0 0.102539 0.516113 0.025391 0.030273
0 0.532715 0.329590 0.034180 0.022461
0 0.497070 0.348633 0.021484 0.029297
0 0.640137 0.086426 0.024414 0.018555
0 0.698242 0.652344 0.025391 0.017578
0 0.426758 0.560059 0.023438 0.036133
0 0.844727 0.425781 0.021484 0.023438
0 0.118652 0.136719 0.022461 0.021484
0 0.986816 0.042480 0.024414 0.022461
0 0.642090 0.469238 0.024414 0.018555
0 0.710449 0.485352 0.047852 0.027344
0 0.826660 0.664551 0.022461 0.016602
0 0.482910 0.156250 0.032227 0.025391
0 0.431641 0.615234 0.035156 0.015625
0 0.452148 0.375977 0.027344 0.025391
0 0.678711 0.213379 0.025391 0.016602
0 0.844727 0.343750 0.023438 0.015625
0 0.601453 0.266602 0.039819 0.027874
0 0.783427 0.205280 0.051765 0.023095
0 0.721680 0.365723 0.035156 0.024414
0 0.749023 0.687500 0.013672 0.023438
0 0.809082 0.822754 0.022461 0.014648
0 0.376953 0.730469 0.029297 0.021484
0 0.411133 0.109863 0.025391 0.024414
0 0.530762 0.410645 0.032227 0.026367
0 0.654785 0.544922 0.024414 0.015625
0 0.696289 0.838379 0.021484 0.012695
0 0.053822 0.004022 0.027027 0.008045
0 0.011376 0.009393 0.022522 0.018786
0 0.146718 0.991553 0.014169 0.016894
0 0.350400 0.922750 0.025657 0.026040
0 0.285491 0.834673 0.026040 0.022976
0 0.357254 0.959349 0.033316 0.022593
0 0.466904 0.992024 0.025657 0.015951
0 0.493136 0.863394 0.026806 0.019530
0 0.620617 0.735109 0.024125 0.027189
0 0.826624 0.731208 0.026040 0.021062
0 0.777608 0.617091 0.026040 0.020296
0 0.794649 0.524597 0.025657 0.021062
0 0.830262 0.513109 0.031018 0.018764
0 0.684745 0.516364 0.025657 0.022211
0 0.996643 0.405723 0.006715 0.049399
0 0.992430 0.516292 0.015140 0.027189
0 0.889508 0.562187 0.019913 0.020679
0 0.984963 0.813597 0.030074 0.028338
0 0.772328 0.773389 0.026040 0.016084
0 0.834365 0.991778 0.035231 0.016444
0 0.906166 0.994841 0.034848 0.010317
