0 0.861891 0.956616 0.038877 0.047267
0 0.883621 0.650895 0.035651 0.036060
0 0.792217 0.720461 0.048711 0.035409
0 0.708949 0.550082 0.042524 0.040042
0 0.769043 0.502441 0.049805 0.036133
0 0.781738 0.649414 0.032227 0.027344
0 0.756836 0.937500 0.027344 0.023438
0 0.741699 0.870117 0.024414 0.037109
0 0.729976 0.809609 0.028108 0.034820
0 0.568461 0.543843 0.029786 0.043630
0 0.588178 0.619986 0.019717 0.023913
0 0.637262 0.711441 0.022235 0.038176
0 0.487284 0.378342 0.026010 0.022235
0 0.587969 0.368064 0.019298 0.030205
0 0.583564 0.323176 0.014683 0.029366
0 0.568042 0.249969 0.028108 0.025591
0 0.553358 0.083840 0.020556 0.016361
0 0.500918 0.110899 0.025591 0.023493
0 0.495465 0.181378 0.017200 0.023493
0 0.482040 0.065171 0.020556 0.022654
0 0.426244 0.010634 0.016361 0.019298
0 0.314861 0.164178 0.020976 0.025171
0 0.107527 0.638298 0.023587 0.023781
0 0.671546 0.491771 0.026515 0.034888
0 0.600723 0.462814 0.023026 0.032795
