0 0.839539 0.569034 0.041164 0.040354
0 0.756382 0.032694 0.037958 0.033199
0 0.893379 0.220325 0.029769 0.020998
0 0.885754 0.637839 0.030465 0.017055
0 0.872434 0.412578 0.053667 0.051704
0 0.878615 0.331436 0.034408 0.027446
0 0.871552 0.855988 0.032988 0.035978
0 0.880544 0.786886 0.027019 0.023485
0 0.919574 0.492988 0.046921 0.040423
0 0.951499 0.892711 0.031338 0.025754
0 0.757618 0.223650 0.028767 0.028582
0 0.669828 0.718618 0.025675 0.026163
0 0.501158 0.784030 0.028170 0.019141
0 0.804706 0.602394 0.026502 0.024528
0 0.941729 0.571487 0.042192 0.037692
0 0.571941 0.735088 0.028031 0.022401
0 0.204778 0.350310 0.028529 0.021016
0 0.844238 0.788574 0.024414 0.026367
0 0.841592 0.782223 0.021076 0.021479
0 0.918457 0.808105 0.026367 0.026367
0 0.928223 0.822754 0.016602 0.014648
0 0.906738 0.799316 0.014648 0.018555
0 0.956055 0.661621 0.029297 0.030273
0 0.650879 0.237305 0.026367 0.021484
0 0.923589 0.334718 0.024156 0.021535
0 0.921856 0.351946 0.021384 0.018159
0 0.915099 0.367885 0.014801 0.019545
0 0.928266 0.363034 0.013415 0.023010
0 0.989036 0.661436 0.021928 0.040571
0 0.426820 0.862280 0.010395 0.021829
0 0.458178 0.877699 0.017671 0.025641
0 0.525888 0.359510 0.028066 0.024948
0 0.736824 0.223561 0.018364 0.020443
0 0.980681 0.321351 0.018711 0.024601
0 0.987611 0.330707 0.021483 0.032917
0 0.880890 0.393077 0.028413 0.033610
0 0.894230 0.232522 0.023908 0.016285
