0 0.466612 0.817607 0.075092 0.041178
0 0.281539 0.958780 0.064763 0.062522
0 0.857236 0.530547 0.066747 0.080925
0 0.826750 0.194929 0.074835 0.067256
0 0.649253 0.467589 0.077566 0.052819
0 0.697777 0.886326 0.084416 0.053552
0 0.352275 0.520775 0.081499 0.051709
0 0.384049 0.592307 0.074453 0.048987
0 0.911275 0.428647 0.096413 0.051745
0 0.152799 0.319480 0.042559 0.043328
0 0.979553 0.602303 0.040894 0.079849
0 0.417405 0.070708 0.032355 0.035833
0 0.849151 0.020682 0.069607 0.041363
0 0.874516 0.360358 0.066886 0.057537
0 0.951880 0.110169 0.070097 0.053382
0 0.952187 0.692976 0.079269 0.044289
0 0.491725 0.787572 0.064453 0.058594
0 0.934834 0.022989 0.086729 0.053463
0 0.760188 0.021207 0.084353 0.040394
0 0.449387 0.063433 0.020393 0.033948
0 0.879615 0.392015 0.070081 0.041670
