0 0.051109 0.967229 0.066278 0.065123
0 0.181191 0.479605 0.058949 0.057972
0 0.192683 0.954928 0.067115 0.068482
0 0.116728 0.559072 0.082777 0.067110
0 0.061856 0.314873 0.045825 0.054227
0 0.146973 0.023305 0.075120 0.046610
0 0.674601 0.848719 0.035143 0.042154
0 0.700791 0.790782 0.046123 0.032744
0 0.482325 0.897108 0.053470 0.040531
0 0.210104 0.645719 0.050047 0.041402
0 0.292026 0.699626 0.062508 0.077789
0 0.448607 0.977658 0.081361 0.044684
0 0.877190 0.589485 0.031591 0.023589
0 0.270244 0.572981 0.095160 0.054756
0 0.093750 0.325684 0.031250 0.034180
0 0.125642 0.321107 0.029933 0.037006
0 0.228320 0.224356 0.038617 0.040501
0 0.021149 0.042102 0.042299 0.050862
0 0.013614 0.628388 0.027228 0.058397
0 0.218991 0.621285 0.078110 0.044434
0 0.448242 0.919922 0.031250 0.021484
