0 0.098378 0.500918 0.060348 0.058227
0 0.616165 0.086933 0.073682 0.043750
0 0.909334 0.869930 0.054442 0.062415
0 0.863886 0.326975 0.058561 0.056928
0 0.309292 0.530709 0.051666 0.068870
0 0.746712 0.688745 0.061930 0.054132
0 0.472459 0.150888 0.060863 0.054981
0 0.244994 0.616053 0.077592 0.045726
0 0.853604 0.970580 0.081679 0.041562
0 0.515581 0.622952 0.052133 0.066287
0 0.912080 0.532876 0.047699 0.069382
0 0.098144 0.725793 0.068836 0.056136
0 0.680199 0.797389 0.052212 0.070005
0 0.731876 0.460251 0.057616 0.060109
0 0.520789 0.758492 0.061243 0.058893
0 0.368738 0.623795 0.058549 0.050672
0 0.641522 0.265164 0.072089 0.052019
0 0.779968 0.339886 0.051687 0.059772
0 0.562669 0.159609 0.071740 0.046034
0 0.097992 0.895837 0.055753 0.062161
0 0.293820 0.722830 0.063644 0.063595
0 0.212501 0.052686 0.047940 0.066432
0 0.576134 0.907761 0.070131 0.045338
0 0.727677 0.520270 0.071426 0.054983
0 0.448412 0.031253 0.049797 0.057282
0 0.056688 0.969283 0.071148 0.048881
0 0.197424 0.979706 0.037899 0.040588
0 0.200015 0.767253 0.071843 0.045991
0 0.979077 0.288941 0.041847 0.054844
0 0.285076 0.982300 0.068253 0.035401
0 0.677342 0.990958 0.035177 0.016320
0 0.335072 0.201462 0.077180 0.048660
0 0.293177 0.168591 0.070333 0.051776
0 0.980239 0.400407 0.039522 0.041947
0 0.521868 0.980717 0.042142 0.038567
0 0.347344 0.033458 0.065188 0.043153
