0 0.801097 0.024813 0.028138 0.038494
0 0.327914 0.091134 0.049288 0.050219
0 0.375880 0.208822 0.035245 0.035114
0 0.285915 0.641111 0.045470 0.026455
0 0.186605 0.248986 0.038583 0.034621
0 0.903046 0.195895 0.039496 0.026396
0 0.067126 0.163710 0.049056 0.039410
0 0.052413 0.064889 0.035361 0.033265
0 0.757695 0.237182 0.038024 0.027913
0 0.109149 0.120448 0.034034 0.030639
0 0.353785 0.261096 0.036900 0.028013
0 0.150909 0.136766 0.040841 0.027936
0 0.436269 0.049475 0.039633 0.026662
0 0.548191 0.516340 0.040618 0.048109
0 0.283326 0.114227 0.034921 0.038360
0 0.381971 0.511683 0.056726 0.044721
0 0.308217 0.020109 0.046286 0.037328
0 0.280607 0.679339 0.045313 0.028942
0 0.149952 0.298494 0.048302 0.039314
0 0.666863 0.394444 0.041180 0.029725
0 0.336382 0.316744 0.032797 0.035329
0 0.260507 0.280505 0.033498 0.025399
0 0.388378 0.340073 0.038200 0.028733
0 0.452241 0.446798 0.038472 0.031467
0 0.522500 0.152903 0.033724 0.033884
0 0.393117 0.108999 0.047654 0.045416
0 0.052193 0.106542 0.037241 0.030702
0 0.536303 0.188071 0.033031 0.032938
0 0.104108 0.204070 0.033935 0.030010
0 0.056415 0.026440 0.042551 0.028919
0 0.814935 0.467064 0.028846 0.020177
0 0.128207 0.175355 0.034500 0.030209
0 0.237707 0.437176 0.035170 0.036008
0 0.296233 0.156371 0.038817 0.029508
0 0.860519 0.419050 0.034497 0.036041
0 0.264971 0.395587 0.039367 0.028033
0 0.542410 0.362180 0.037269 0.031401
0 0.330987 0.433071 0.039628 0.029309
0 0.728785 0.079374 0.037286 0.027261
0 0.616546 0.175183 0.034916 0.033419
0 0.429574 0.159104 0.021919 0.044151
0 0.619491 0.414738 0.042768 0.030087
0 0.354124 0.060616 0.035650 0.033663
0 0.145600 0.225591 0.031106 0.033599
0 0.242895 0.172241 0.050070 0.039209
0 0.588400 0.378127 0.040423 0.030300
0 0.547607 0.471965 0.043465 0.044275
0 0.206014 0.286955 0.034145 0.032155
0 0.317425 0.354682 0.040527 0.027811
0 0.105607 0.073595 0.033112 0.029945
0 0.494048 0.111121 0.040680 0.028742
0 0.244101 0.080329 0.035918 0.034898
0 0.211234 0.129781 0.051973 0.040602
0 0.640394 0.052205 0.041517 0.028435
0 0.798886 0.074615 0.036638 0.032767
0 0.320302 0.396325 0.038084 0.027329
0 0.301024 0.234998 0.037713 0.025457
0 0.741434 0.017400 0.053989 0.034354
0 0.380837 0.300531 0.042043 0.030108
0 0.442939 0.310875 0.048554 0.041879
0 0.587553 0.439769 0.035915 0.039038
0 0.836332 0.024790 0.031770 0.032111
0 0.689322 0.080362 0.035922 0.026415
0 0.263726 0.346133 0.032104 0.033978
0 0.489015 0.164559 0.033623 0.034807
0 0.309464 0.517981 0.052168 0.024153
0 0.494302 0.420701 0.010165 0.026748
0 0.220576 0.040065 0.039837 0.029500
0 0.281461 0.311012 0.040258 0.028095
0 0.731176 0.389255 0.036290 0.032263
0 0.223145 0.359863 0.030273 0.030273
0 0.182129 0.376465 0.038086 0.018555
0 0.010742 0.123535 0.021484 0.038086
0 0.006836 0.089355 0.013672 0.036133
0 0.246582 0.230469 0.036133 0.023438
0 0.266113 0.205566 0.032227 0.018555
0 0.183105 0.201172 0.036133 0.025391
0 0.404785 0.262207 0.032227 0.014648
0 0.481445 0.246582 0.037109 0.024414
0 0.452148 0.206543 0.031250 0.022461
0 0.518555 0.216797 0.023438 0.013672
0 0.537598 0.246094 0.026367 0.015625
0 0.527832 0.275879 0.016602 0.016602
0 0.543457 0.301270 0.024414 0.032227
0 0.562500 0.274902 0.025391 0.016602
0 0.606445 0.216309 0.021484 0.018555
0 0.603516 0.279297 0.025391 0.015625
0 0.606445 0.299316 0.027344 0.022461
0 0.587402 0.333984 0.026367 0.023438
0 0.630859 0.346191 0.031250 0.030273
0 0.698242 0.351074 0.031250 0.026367
0 0.657227 0.289062 0.027344 0.015625
0 0.679199 0.322754 0.024414 0.022461
0 0.686035 0.250488 0.022461 0.032227
0 0.687500 0.208984 0.035156 0.023438
0 0.691673 0.171904 0.044922 0.024414
0 0.699707 0.140137 0.024414 0.016602
0 0.659668 0.136719 0.024414 0.021484
0 0.587779 0.111370 0.023929 0.020595
0 0.565430 0.145996 0.027344 0.014648
0 0.526367 0.063477 0.021484 0.037109
0 0.576172 0.027344 0.042969 0.021484
0 0.155273 0.047363 0.035156 0.022461
0 0.099609 0.031250 0.025391 0.023438
0 0.576172 0.027344 0.042969 0.021484
0 0.728516 0.327637 0.029297 0.016602
0 0.764648 0.329102 0.023438 0.017578
0 0.763184 0.364746 0.026367 0.018555
0 0.786598 0.397599 0.053280 0.027963
0 0.833496 0.390625 0.018555 0.017578
0 0.838379 0.354980 0.024414 0.014648
0 0.808594 0.337402 0.023438 0.014648
0 0.793945 0.309082 0.027344 0.014648
0 0.831543 0.299316 0.026367 0.012695
0 0.820801 0.263184 0.022461 0.032227
0 0.811523 0.225586 0.021484 0.029297
0 0.782227 0.172852 0.013672 0.011719
0 0.747559 0.170410 0.014648 0.014648
0 0.733887 0.141602 0.028320 0.017578
0 0.747559 0.170410 0.014648 0.014648
0 0.725098 0.119629 0.028320 0.028320
0 0.737305 0.200195 0.027344 0.015625
0 0.780762 0.206543 0.014648 0.024414
0 0.783203 0.180176 0.013672 0.018555
0 0.803711 0.162598 0.035156 0.032227
0 0.809570 0.124512 0.023438 0.018555
0 0.837891 0.160156 0.021484 0.011719
0 0.851562 0.208008 0.029297 0.025391
0 0.813477 0.190918 0.029297 0.014648
0 0.885742 0.245605 0.025391 0.034180
0 0.894531 0.296387 0.015625 0.018555
0 0.907227 0.276855 0.029297 0.012695
0 0.941895 0.296875 0.024414 0.027344
0 0.964355 0.334473 0.047852 0.030273
0 0.888184 0.409668 0.024414 0.022461
0 0.943848 0.239258 0.028320 0.023438
0 0.972168 0.267090 0.018555 0.032227
0 0.987305 0.218262 0.023438 0.014648
0 0.967285 0.193848 0.028320 0.016602
0 0.921875 0.160156 0.025391 0.017578
0 0.897461 0.129395 0.021484 0.012695
0 0.857422 0.126465 0.021484 0.018555
0 0.844238 0.098145 0.014648 0.024414
0 0.853516 0.072266 0.023438 0.013672
0 0.826172 0.051270 0.017578 0.018555
0 0.897461 0.067383 0.015625 0.011719
0 0.931641 0.060059 0.017578 0.024414
0 0.922363 0.093262 0.016602 0.012695
0 0.948242 0.022461 0.035156 0.023438
0 0.872070 0.008789 0.029297 0.017578
0 0.926758 0.124023 0.017578 0.023438
0 0.884766 0.100098 0.017578 0.018555
0 0.159668 0.091309 0.032227 0.018555
0 0.119141 0.253906 0.023438 0.031250
0 0.222168 0.470703 0.043945 0.021484
0 0.186523 0.336914 0.029297 0.017578
0 0.304199 0.274902 0.032227 0.022461
0 0.326660 0.190918 0.032227 0.030273
0 0.254883 0.007812 0.025391 0.015625
0 0.388184 0.036621 0.032227 0.016602
0 0.369141 0.376953 0.033203 0.017578
0 0.374023 0.413086 0.035156 0.017578
0 0.655273 0.430664 0.027344 0.029297
0 0.686523 0.002930 0.029297 0.005859
0 0.254883 0.007812 0.025391 0.015625
0 0.633006 0.459720 0.038086 0.030273
0 0.571777 0.173828 0.026367 0.015625
0 0.411621 0.368164 0.030273 0.015625
0 0.617188 0.247559 0.029297 0.016602
0 0.654785 0.227051 0.024414 0.012695
0 0.627441 0.009277 0.022461 0.018555
0 0.960938 0.156738 0.013672 0.024414
0 0.991699 0.287109 0.014648 0.015625
0 0.835938 0.323242 0.035156 0.025391
0 0.709961 0.293945 0.029297 0.031250
0 0.385742 0.450684 0.031250 0.026367
0 0.285156 0.444824 0.037109 0.026367
0 0.334961 0.129395 0.031250 0.030273
0 0.376465 0.161621 0.040039 0.016602
0 0.458984 0.083984 0.031250 0.035156
0 0.496373 0.476330 0.024414 0.028320
0 0.593262 0.509277 0.043945 0.032227
0 0.150879 0.006836 0.014648 0.013672
0 0.262207 0.044922 0.036133 0.021484
0 0.444824 0.255371 0.043945 0.024414
0 0.553711 0.104492 0.027344 0.013672
0 0.586426 0.082520 0.026367 0.014648
0 0.562988 0.208984 0.024414 0.017578
0 0.594727 0.140625 0.021484 0.015625
0 0.425293 0.405762 0.034180 0.024414
0 0.503418 0.379883 0.022461 0.035156
0 0.550781 0.412598 0.035156 0.026367
0 0.487793 0.498047 0.047852 0.021484
0 0.482910 0.323242 0.032227 0.021484
0 0.763184 0.106445 0.016602 0.017578
0 0.774414 0.138184 0.023438 0.014648
0 0.900354 0.031355 0.029297 0.022461
0 0.871582 0.045410 0.018555 0.024414
0 0.990234 0.168457 0.017578 0.016602
0 0.876953 0.162598 0.025391 0.018555
0 0.905273 0.339355 0.029297 0.032227
0 0.512207 0.027344 0.032227 0.015625
0 0.840167 0.454454 0.043236 0.035309
0 0.872070 0.284668 0.017578 0.022461
0 0.638184 0.096191 0.022461 0.026367
0 0.644043 0.096680 0.034180 0.029297
0 0.455566 0.340820 0.030273 0.021484
0 0.573730 0.244629 0.030273 0.014648
0 0.407227 0.151855 0.025391 0.026367
0 0.389160 0.145020 0.022461 0.024414
0 0.224802 0.312552 0.020296 0.036762
0 0.390959 0.009918 0.035231 0.019837
0 0.468696 0.128362 0.022976 0.035613
0 0.682818 0.108531 0.030635 0.024508
0 0.643949 0.196415 0.024891 0.017232
0 0.871253 0.383683 0.028721 0.018764
0 0.776475 0.063545 0.026806 0.025274
0 0.692228 0.038270 0.031401 0.026040
0 0.985086 0.023216 0.029829 0.027572
0 0.911773 0.004141 0.036379 0.008281
0 0.970746 0.055000 0.028721 0.029103
0 0.958683 0.099038 0.026806 0.019147
0 0.995042 0.078934 0.009916 0.033316
0 0.993702 0.122206 0.012596 0.033316
