0 0.429674 0.221360 0.044737 0.045303
0 0.821945 0.841178 0.051417 0.049158
0 0.460173 0.032207 0.050129 0.047807
0 0.869624 0.751297 0.041174 0.043092
0 0.792206 0.953428 0.049682 0.040468
0 0.908181 0.932616 0.054866 0.051754
0 0.711985 0.883030 0.059429 0.049087
0 0.776080 0.725564 0.050266 0.043611
0 0.772046 0.183330 0.065729 0.055810
0 0.645657 0.059830 0.054017 0.054339
0 0.652185 0.636964 0.065895 0.055749
0 0.976090 0.232575 0.042306 0.041975
0 0.804531 0.318995 0.030669 0.028387
0 0.620902 0.168220 0.064907 0.054338
0 0.643397 0.287766 0.044420 0.043278
0 0.761931 0.060825 0.065846 0.057210
0 0.527843 0.158888 0.048439 0.041255
0 0.466097 0.325638 0.040981 0.041745
0 0.738219 0.609385 0.047065 0.051228
0 0.901310 0.447487 0.053206 0.045478
0 0.818720 0.562310 0.053947 0.046406
0 0.853575 0.078708 0.063994 0.056683
0 0.520430 0.076160 0.037858 0.025199
0 0.274118 0.434149 0.024357 0.028846
0 0.851979 0.305825 0.057811 0.049551
0 0.267255 0.091535 0.030413 0.027879
0 0.031554 0.042536 0.025344 0.026189
0 0.307129 0.255371 0.026367 0.024414
0 0.219238 0.200195 0.016602 0.017578
0 0.066406 0.378418 0.023438 0.016602
0 0.434570 0.512207 0.017578 0.016602
0 0.480957 0.619629 0.030273 0.036133
0 0.139648 0.798828 0.013672 0.025391
0 0.320056 0.780054 0.022810 0.024499
0 0.324280 0.814269 0.027879 0.023655
0 0.552734 0.454590 0.042969 0.034180
0 0.580420 0.523396 0.042286 0.029213
0 0.641113 0.496582 0.038086 0.032227
0 0.719238 0.459961 0.034180 0.025391
0 0.814941 0.482910 0.014648 0.032227
0 0.668457 0.440430 0.049805 0.042969
0 0.726074 0.412109 0.026367 0.025391
0 0.840820 0.648926 0.021484 0.024414
0 0.911621 0.833984 0.040039 0.044922
0 0.914062 0.116211 0.056641 0.035156
0 0.968262 0.044922 0.051758 0.039062
0 0.540703 0.215132 0.059531 0.040771
0 0.666101 0.211450 0.039640 0.039074
0 0.272626 0.500844 0.023360 0.024623
