0 0.868051 0.220391 0.029853 0.037191
0 0.866442 0.016496 0.030176 0.021387
0 0.657892 0.755640 0.040974 0.030337
0 0.865564 0.367627 0.023145 0.036915
0 0.560789 0.180221 0.031736 0.039180
0 0.567851 0.377347 0.030070 0.040034
0 0.223858 0.656684 0.025336 0.040201
0 0.417859 0.798824 0.047085 0.053598
0 0.408719 0.706218 0.030456 0.034362
0 0.468336 0.888869 0.039053 0.051136
0 0.407892 0.122199 0.036987 0.051366
0 0.118345 0.895404 0.043025 0.034199
0 0.713134 0.315429 0.039096 0.029013
0 0.235708 0.494911 0.026398 0.044465
0 0.358339 0.268535 0.029308 0.041168
0 0.654055 0.082702 0.025528 0.039279
0 0.530762 0.059570 0.018555 0.023438
0 0.561035 0.133301 0.032227 0.014648
0 0.462891 0.954590 0.042969 0.032227
0 0.087891 0.607910 0.029297 0.022461
0 0.220215 0.599121 0.028320 0.022461
0 0.282715 0.974609 0.018555 0.013672
0 0.248535 0.964844 0.016602 0.029297
0 0.968262 0.763672 0.024414 0.035156
0 0.916016 0.450684 0.029297 0.024414
0 0.799316 0.403320 0.028320 0.023438
0 0.832031 0.113281 0.032227 0.018555
0 0.749023 0.750488 0.035156 0.018555
0 0.704590 0.924805 0.026367 0.031250
0 0.667969 0.869141 0.033203 0.013672
0 0.162598 0.479980 0.036133 0.018555
0 0.259277 0.828613 0.016602 0.026367
0 0.541016 0.740723 0.027344 0.014648
0 0.824219 0.599121 0.046875 0.075195
0 0.683105 0.381348 0.034180 0.018555
0 0.317383 0.435059 0.023438 0.022461
0 0.508950 0.289224 0.033083 0.022227
