0 0.603784 0.869293 0.035518 0.037325
0 0.861451 0.553309 0.039696 0.039822
0 0.645691 0.263612 0.040972 0.038710
0 0.530786 0.557851 0.041086 0.038483
0 0.722820 0.908642 0.034141 0.043636
0 0.645075 0.419275 0.042120 0.040968
0 0.747686 0.483739 0.041914 0.047546
0 0.607715 0.630367 0.053011 0.047485
0 0.511333 0.025729 0.045909 0.044066
0 0.687583 0.350545 0.032503 0.034211
0 0.323242 0.234375 0.027344 0.033203
0 0.306152 0.607422 0.028320 0.017578
0 0.466797 0.875000 0.023438 0.031250
0 0.256348 0.356445 0.030273 0.021484
0 0.334473 0.068359 0.018555 0.023438
0 0.314941 0.382812 0.022461 0.015625
