0 0.286428 0.801997 0.093906 0.047734
0 0.418159 0.370660 0.042710 0.037655
0 0.372632 0.899333 0.046195 0.032625
0 0.339000 0.069390 0.040269 0.039891
0 0.833896 0.883684 0.036745 0.036973
0 0.609752 0.760265 0.049557 0.037284
0 0.880258 0.247942 0.042601 0.036547
0 0.666537 0.022733 0.040132 0.037236
0 0.852395 0.168849 0.045889 0.035893
0 0.939780 0.030471 0.031966 0.033891
0 0.460194 0.423572 0.038638 0.034996
0 0.272807 0.056897 0.036953 0.036882
0 0.962277 0.074857 0.031751 0.026758
0 0.673181 0.987989 0.045627 0.024023
0 0.258226 0.154633 0.078606 0.059441
0 0.880960 0.324164 0.044035 0.036322
0 0.812151 0.629950 0.048258 0.041311
0 0.978054 0.687797 0.038547 0.036931
0 0.943723 0.146236 0.036514 0.028575
0 0.868290 0.591964 0.036190 0.031195
0 0.810870 0.041625 0.050449 0.039768
0 0.569551 0.410424 0.036914 0.038658
0 0.767983 0.815489 0.045982 0.029994
0 0.956476 0.111098 0.028640 0.024468
0 0.518990 0.479002 0.037323 0.032783
0 0.079341 0.306064 0.075733 0.052021
0 0.368283 0.454774 0.034287 0.029659
0 0.788521 0.380334 0.044488 0.032141
0 0.058600 0.028716 0.034966 0.026070
0 0.659382 0.091099 0.036667 0.038741
0 0.702469 0.681375 0.034977 0.029203
0 0.160089 0.483385 0.035007 0.029200
0 0.053223 0.082031 0.028320 0.027344
0 0.284668 0.273438 0.018555 0.046875
0 0.395996 0.489746 0.024414 0.030273
0 0.420410 0.498047 0.028320 0.021484
0 0.976074 0.038086 0.022461 0.033203
0 0.992538 0.076661 0.014924 0.039329
0 0.988682 0.147993 0.022635 0.037015
0 0.991767 0.108278 0.016466 0.022363
0 0.724121 0.585449 0.038086 0.018555
0 0.956543 0.731934 0.032227 0.022461
0 0.750488 0.935059 0.040039 0.012695
0 0.992650 0.009242 0.014701 0.018484
