0 0.812859 0.127839 0.022620 0.019805
0 0.945457 0.741837 0.024529 0.018153
0 0.143670 0.768659 0.020965 0.019233
0 0.015625 0.387695 0.015625 0.011719
0 0.186523 0.237305 0.017578 0.009766
0 0.096191 0.600098 0.012695 0.008789
0 0.048340 0.683105 0.012695 0.008789
0 0.072266 0.641113 0.015625 0.010742
0 0.115723 0.743652 0.008789 0.012695
0 0.088890 0.863807 0.019752 0.013168
0 0.096258 0.870235 0.023828 0.013482
0 0.135292 0.842017 0.025396 0.017244
0 0.136076 0.929463 0.022574 0.016303
0 0.018033 0.905008 0.017871 0.013795
0 0.212094 0.941534 0.021633 0.017871
0 0.194336 0.712891 0.013672 0.007812
0 0.408387 0.216312 0.017549 0.012703
0 0.521963 0.261565 0.021006 0.019752
0 0.657249 0.257489 0.011914 0.023514
0 0.532230 0.051683 0.025709 0.023201
0 0.783203 0.852051 0.013672 0.008789
0 0.783691 0.885742 0.014648 0.007812
0 0.681152 0.291016 0.010742 0.007812
0 0.823774 0.045213 0.017774 0.022919
0 0.144317 0.311483 0.018915 0.014291
0 0.251163 0.657578 0.015342 0.017864
0 0.576702 0.361631 0.012820 0.014711
