0 0.196321 0.467106 0.040272 0.036151
0 0.823766 0.910003 0.037523 0.038935
0 0.737557 0.862612 0.039947 0.037192
0 0.816868 0.399382 0.031703 0.038036
0 0.180190 0.260428 0.033812 0.033920
0 0.322164 0.160803 0.034754 0.032856
0 0.816105 0.084218 0.033363 0.037646
0 0.758681 0.091198 0.047095 0.039757
0 0.868605 0.972491 0.043601 0.038489
0 0.846912 0.870213 0.037520 0.037484
0 0.254605 0.413716 0.037136 0.035736
0 0.655252 0.444766 0.041496 0.029883
0 0.750373 0.598460 0.033052 0.037292
0 0.740165 0.034223 0.047571 0.042430
0 0.607933 0.329289 0.035436 0.035735
0 0.748331 0.143154 0.051871 0.051768
0 0.131138 0.279805 0.044126 0.025337
0 0.965739 0.165693 0.033626 0.036327
0 0.598434 0.122733 0.040663 0.035340
0 0.642324 0.212101 0.049917 0.038353
0 0.441498 0.440266 0.031625 0.034310
0 0.574382 0.434068 0.031215 0.033991
0 0.722057 0.549272 0.040230 0.042619
0 0.385352 0.376137 0.031587 0.032913
0 0.079721 0.180972 0.048763 0.041415
0 0.226992 0.840158 0.063351 0.037382
0 0.877713 0.463181 0.031838 0.034886
0 0.022012 0.079865 0.039125 0.034158
0 0.648069 0.150327 0.035166 0.037182
0 0.613029 0.267701 0.039479 0.036097
0 0.968371 0.112212 0.043963 0.044346
0 0.839621 0.215147 0.038731 0.029518
0 0.240084 0.200365 0.032977 0.035354
0 0.190344 0.139761 0.032766 0.033174
0 0.084343 0.609493 0.044315 0.036337
0 0.322312 0.119215 0.038144 0.030651
0 0.857430 0.361401 0.038113 0.030863
0 0.959593 0.451546 0.039834 0.037186
0 0.676102 0.047051 0.044661 0.041173
0 0.796846 0.167437 0.048180 0.037636
0 0.194927 0.214451 0.038930 0.028149
0 0.585177 0.487683 0.035347 0.041674
0 0.610854 0.451564 0.032418 0.036683
0 0.219432 0.101559 0.034285 0.033670
0 0.409472 0.110328 0.037159 0.034315
0 0.306307 0.389412 0.030724 0.032436
0 0.899956 0.147517 0.043154 0.042011
0 0.866845 0.057954 0.052420 0.053846
0 0.344057 0.074077 0.034291 0.033993
0 0.790423 0.040707 0.042778 0.048556
0 0.921356 0.070957 0.057692 0.045981
0 0.851622 0.171509 0.035141 0.033545
0 0.600972 0.540238 0.043258 0.046050
0 0.967494 0.395907 0.034643 0.027589
0 0.340892 0.267571 0.034467 0.036286
0 0.653333 0.095393 0.041879 0.030223
0 0.863325 0.794723 0.039858 0.030375
0 0.502232 0.059610 0.034255 0.032719
0 0.646138 0.489561 0.046166 0.040613
0 0.191663 0.177093 0.038544 0.027526
0 0.535159 0.236847 0.032181 0.030686
0 0.955721 0.802911 0.033435 0.029511
0 0.920999 0.317176 0.039056 0.029573
0 0.520550 0.161642 0.030844 0.029035
0 0.714870 0.424657 0.033537 0.034496
0 0.489079 0.235779 0.018142 0.017563
0 0.563934 0.153190 0.035712 0.030682
0 0.261490 0.988356 0.056443 0.018978
0 0.542201 0.609451 0.049807 0.039195
0 0.479683 0.142247 0.033084 0.034432
0 0.561495 0.190805 0.032229 0.028977
0 0.096391 0.150761 0.035238 0.034258
0 0.791061 0.125618 0.037073 0.033140
0 0.268968 0.271274 0.049682 0.040374
0 0.711552 0.221374 0.037066 0.030561
0 0.924575 0.784373 0.033459 0.032878
0 0.220832 0.247244 0.034121 0.032710
0 0.336118 0.199603 0.036792 0.031666
0 0.962668 0.356179 0.036213 0.027524
0 0.909666 0.829004 0.030975 0.033729
0 0.694954 0.585776 0.037079 0.033744
0 0.723905 0.455821 0.034065 0.037430
0 0.839814 0.496579 0.029613 0.032624
0 0.741559 0.388577 0.036801 0.035704
0 0.451423 0.362669 0.033579 0.029180
0 0.351948 0.541813 0.051437 0.025257
0 0.971226 0.283963 0.033715 0.036296
0 0.675505 0.266000 0.032260 0.034548
0 0.880759 0.503404 0.034981 0.032549
0 0.143489 0.245303 0.034148 0.033316
0 0.895642 0.284358 0.033659 0.028281
0 0.557737 0.068143 0.051059 0.036559
0 0.138398 0.090517 0.036748 0.025914
0 0.339322 0.378486 0.033665 0.035318
0 0.813610 0.455073 0.038206 0.032473
0 0.068152 0.050811 0.039086 0.028093
0 0.028767 0.012902 0.039558 0.025804
0 0.533954 0.415810 0.034879 0.028797
0 0.681587 0.508761 0.042274 0.039746
0 0.608801 0.019890 0.051389 0.036853
0 0.085072 0.221728 0.038350 0.026531
0 0.268872 0.375842 0.036843 0.031121
0 0.364842 0.107054 0.033202 0.032132
0 0.927302 0.204440 0.032677 0.031935
0 0.295979 0.469635 0.036377 0.033059
0 0.955010 0.234499 0.035059 0.030967
0 0.601505 0.171579 0.032275 0.031430
0 0.710729 0.076304 0.032453 0.028558
0 0.058805 0.125090 0.038197 0.031416
0 0.015887 0.169993 0.031774 0.032587
0 0.566025 0.650658 0.035596 0.032103
0 0.769227 0.420278 0.039281 0.029493
0 0.694880 0.169503 0.036332 0.034176
0 0.361529 0.144611 0.033207 0.031566
0 0.696878 0.124978 0.036064 0.029495
0 0.380543 0.192667 0.035245 0.031582
0 0.075684 0.011230 0.022461 0.022461
0 0.106445 0.028809 0.027344 0.024414
0 0.008789 0.125977 0.017578 0.029297
0 0.068359 0.082520 0.025391 0.016602
0 0.105469 0.061523 0.025391 0.021484
0 0.101562 0.113281 0.023438 0.015625
0 0.147461 0.024414 0.025391 0.021484
0 0.184570 0.006836 0.027344 0.013672
0 0.189453 0.038086 0.015625 0.027344
0 0.159180 0.053711 0.031250 0.021484
0 0.176758 0.099609 0.029297 0.021484
0 0.141113 0.126953 0.028320 0.015625
0 0.151855 0.160645 0.022461 0.022461
0 0.145508 0.191406 0.023438 0.015625
0 0.016602 0.921387 0.033203 0.030273
0 0.255371 0.031250 0.014648 0.023438
0 0.275879 0.062988 0.022461 0.014648
0 0.301270 0.028809 0.014648 0.014648
0 0.274902 0.123535 0.022461 0.030273
0 0.232910 0.151367 0.028320 0.023438
0 0.258789 0.171875 0.015625 0.025391
0 0.277832 0.199219 0.018555 0.023438
0 0.292969 0.228027 0.017578 0.026367
0 0.378906 0.052734 0.025391 0.017578
0 0.388672 0.023438 0.025391 0.015625
0 0.409180 0.041016 0.015625 0.025391
0 0.404297 0.164062 0.017578 0.015625
0 0.449219 0.170898 0.017578 0.027344
0 0.425781 0.192383 0.031250 0.015625
0 0.404297 0.226562 0.021484 0.023438
0 0.362305 0.230469 0.029297 0.017578
0 0.449219 0.210938 0.013672 0.025391
0 0.442383 0.254395 0.021484 0.026367
0 0.405762 0.268066 0.022461 0.024414
0 0.432617 0.293945 0.027344 0.017578
0 0.390625 0.305664 0.021484 0.013672
0 0.335449 0.349609 0.022461 0.015625
0 0.270508 0.333008 0.025391 0.011719
0 0.457520 0.320312 0.022461 0.023438
0 0.476074 0.281738 0.024414 0.030273
0 0.486816 0.189453 0.018555 0.027344
0 0.449219 0.130371 0.025391 0.016602
0 0.459473 0.100586 0.024414 0.015625
0 0.461914 0.038086 0.021484 0.021484
0 0.435547 0.010254 0.023438 0.020508
0 0.501953 0.098633 0.021484 0.025391
0 0.520554 0.111919 0.031342 0.030069
0 0.539551 0.008301 0.014648 0.016602
0 0.511230 0.270508 0.016602 0.029297
0 0.517578 0.305176 0.029297 0.024414
0 0.495605 0.341797 0.030273 0.017578
0 0.415039 0.324219 0.017578 0.009766
0 0.550293 0.308105 0.032227 0.018555
0 0.535645 0.342773 0.028320 0.023438
0 0.488770 0.384766 0.024414 0.017578
0 0.284180 0.432129 0.017578 0.018555
0 0.328125 0.428223 0.011719 0.016602
0 0.368652 0.410156 0.018555 0.015625
0 0.369141 0.449219 0.017578 0.017578
0 0.344727 0.477539 0.027344 0.023438
0 0.313477 0.499023 0.027344 0.021484
0 0.393555 0.464355 0.017578 0.016602
0 0.431641 0.486816 0.023438 0.028320
0 0.469727 0.469238 0.029297 0.012695
0 0.410156 0.407227 0.025391 0.017578
0 0.455078 0.400391 0.023438 0.023438
0 0.486816 0.421387 0.010742 0.022461
0 0.503906 0.451172 0.015625 0.021484
0 0.450195 0.509277 0.009766 0.012695
0 0.492188 0.496094 0.013672 0.025391
0 0.492188 0.496094 0.013672 0.025391
0 0.531250 0.534668 0.017578 0.022461
0 0.540039 0.448730 0.013672 0.026367
0 0.541016 0.569824 0.027344 0.022461
0 0.526855 0.678223 0.022461 0.022461
0 0.499512 0.711914 0.028320 0.017578
0 0.544922 0.701660 0.046875 0.030273
0 0.568359 0.740723 0.023438 0.018555
0 0.611328 0.734375 0.021484 0.017578
0 0.576660 0.700195 0.014648 0.023438
0 0.629883 0.701172 0.017578 0.023438
0 0.657227 0.734375 0.023438 0.021484
0 0.686035 0.696777 0.030273 0.018555
0 0.716309 0.733398 0.026367 0.015625
0 0.745605 0.749512 0.016602 0.022461
0 0.730469 0.695801 0.031250 0.018555
0 0.769043 0.705566 0.028320 0.022461
0 0.683594 0.659180 0.015625 0.017578
0 0.654297 0.639648 0.025391 0.015625
0 0.584473 0.586426 0.024414 0.026367
0 0.631348 0.586426 0.018555 0.022461
0 0.656250 0.606934 0.029297 0.016602
0 0.694824 0.627930 0.016602 0.027344
0 0.726074 0.661133 0.026367 0.015625
0 0.766602 0.666992 0.029297 0.025391
0 0.775391 0.631836 0.025391 0.025391
0 0.672363 0.552246 0.028320 0.016602
0 0.636230 0.537598 0.018555 0.016602
0 0.732910 0.492676 0.018555 0.030273
0 0.755859 0.520996 0.025391 0.024414
0 0.780273 0.568359 0.021484 0.021484
0 0.569336 0.393066 0.017578 0.026367
0 0.530273 0.372559 0.023438 0.018555
0 0.569336 0.353516 0.015625 0.027344
0 0.608398 0.381348 0.017578 0.030273
0 0.656738 0.378418 0.018555 0.024414
0 0.677246 0.404785 0.022461 0.022461
0 0.762695 0.458008 0.013672 0.029297
0 0.591797 0.293457 0.027344 0.018555
0 0.545410 0.278320 0.024414 0.025391
0 0.589355 0.227051 0.026367 0.014648
0 0.651855 0.300781 0.030273 0.023438
0 0.666016 0.338867 0.017578 0.023438
0 0.698242 0.292480 0.025391 0.014648
0 0.734412 0.316572 0.104770 0.056973
0 0.755371 0.250977 0.045898 0.023438
0 0.748047 0.196777 0.033203 0.018555
0 0.606014 0.070542 0.028547 0.028081
0 0.545685 0.115920 0.021983 0.031805
0 0.834961 0.010742 0.031250 0.021484
0 0.937500 0.016602 0.035156 0.027344
0 0.987793 0.018555 0.022461 0.029297
0 0.852051 0.115723 0.034180 0.036133
0 0.789551 0.217773 0.026367 0.021484
0 0.805176 0.250000 0.028320 0.025391
0 0.894531 0.231445 0.033203 0.027344
0 0.876953 0.189453 0.023438 0.025391
0 0.916992 0.254395 0.033203 0.030273
0 0.856934 0.263672 0.016602 0.033203
0 0.822266 0.297852 0.035156 0.023438
0 0.798340 0.343262 0.038086 0.032227
0 0.912109 0.372070 0.035156 0.031250
0 0.872559 0.413086 0.036133 0.021484
0 0.919922 0.422363 0.027344 0.018555
0 0.987793 0.324219 0.022461 0.029297
0 0.982910 0.490234 0.032227 0.029297
0 0.935059 0.505859 0.030273 0.027344
0 0.842773 0.535645 0.009766 0.010742
0 0.811523 0.533203 0.017578 0.015625
0 0.828125 0.568848 0.035156 0.026367
0 0.862793 0.579102 0.018555 0.029297
0 0.922852 0.562988 0.025391 0.026367
0 0.957031 0.540527 0.015625 0.030273
0 0.978117 0.573103 0.030453 0.032923
0 0.898926 0.592773 0.030273 0.021484
0 0.941895 0.597168 0.022461 0.030273
0 0.799316 0.600586 0.026367 0.017578
0 0.852051 0.614258 0.028320 0.023438
0 0.898438 0.634277 0.025391 0.024414
0 0.940430 0.641113 0.027344 0.024414
0 0.979492 0.623047 0.033203 0.017578
0 0.814941 0.641602 0.026367 0.023438
0 0.857910 0.650879 0.028320 0.018555
0 0.810059 0.685547 0.024414 0.029297
0 0.868164 0.678223 0.029297 0.026367
0 0.912109 0.663574 0.025391 0.026367
0 0.938477 0.692871 0.027344 0.022461
0 0.969727 0.662109 0.029297 0.023438
0 0.835938 0.713379 0.021484 0.026367
0 0.790039 0.729492 0.027344 0.025391
0 0.791016 0.770020 0.017578 0.014648
0 0.827637 0.751953 0.026367 0.021484
0 0.860352 0.746094 0.021484 0.025391
0 0.894043 0.711914 0.024414 0.021484
0 0.937500 0.738770 0.031250 0.030273
0 0.973145 0.719238 0.026367 0.022461
0 0.839355 0.815918 0.014648 0.016602
0 0.811035 0.791992 0.010742 0.015625
0 0.979004 0.766113 0.022461 0.026367
0 0.985352 0.835938 0.027344 0.017578
0 0.943848 0.848633 0.028320 0.023438
0 0.898438 0.860352 0.027344 0.021484
0 0.992360 0.794513 0.015279 0.030870
0 0.872070 0.832031 0.023438 0.021484
0 0.924316 0.889648 0.030273 0.023438
0 0.968262 0.874512 0.030273 0.022461
0 0.987305 0.898438 0.023438 0.027344
0 0.872559 0.898926 0.026367 0.024414
0 0.962891 0.926270 0.027344 0.024414
0 0.903804 0.933959 0.046772 0.032741
0 0.947210 0.985922 0.029185 0.026202
0 0.971680 0.958496 0.027344 0.018555
0 0.984622 0.985688 0.028802 0.026670
0 0.008547 0.261742 0.017093 0.032164
0 0.524612 0.199974 0.046554 0.028355
0 0.594327 0.630166 0.032588 0.029202
0 0.724222 0.339582 0.041898 0.023700
0 0.799977 0.498885 0.041052 0.027509
0 0.874040 0.544592 0.041052 0.019891
0 0.895200 0.769441 0.030048 0.024123
0 0.995614 0.428150 0.008772 0.025393
0 0.996037 0.194387 0.007926 0.032588
