0 0.286107 0.743723 0.026379 0.031801
0 0.270775 0.933023 0.017493 0.034267
0 0.320534 0.951775 0.027205 0.038886
0 0.504048 0.265771 0.028680 0.018749
0 0.609755 0.106876 0.034335 0.029724
0 0.223246 0.850403 0.044546 0.024954
0 0.314201 0.710451 0.025342 0.033388
0 0.180353 0.865654 0.037641 0.026996
0 0.480039 0.174598 0.022334 0.030059
0 0.563358 0.141823 0.029623 0.021690
0 0.362097 0.448319 0.027638 0.024213
0 0.298726 0.895110 0.026478 0.032982
0 0.320425 0.501179 0.026742 0.025933
0 0.340028 0.798692 0.019207 0.023840
0 0.240445 0.889777 0.023719 0.025865
0 0.244747 0.782623 0.023962 0.024416
0 0.472765 0.199459 0.017693 0.022082
0 0.601523 0.022788 0.027327 0.029624
0 0.350675 0.504034 0.027855 0.030412
0 0.484638 0.306607 0.016029 0.015996
0 0.269297 0.984252 0.017980 0.031494
0 0.312323 0.456602 0.023286 0.027868
0 0.500265 0.228609 0.020364 0.032398
0 0.251745 0.966542 0.017602 0.021308
0 0.415904 0.165011 0.018078 0.014966
0 0.494009 0.072907 0.009964 0.020084
0 0.310362 0.621014 0.020851 0.014639
0 0.472798 0.236240 0.023296 0.027955
0 0.408922 0.408793 0.022278 0.015510
0 0.333502 0.863844 0.015909 0.018294
0 0.398782 0.675626 0.015211 0.014220
0 0.520837 0.035634 0.015480 0.017060
0 0.230649 0.755921 0.018420 0.025588
0 0.550192 0.049293 0.015410 0.017360
0 0.467095 0.334898 0.014437 0.014328
0 0.572329 0.046030 0.014935 0.015881
0 0.141477 0.851055 0.012977 0.015268
0 0.365266 0.769802 0.010709 0.014961
0 0.442729 0.266886 0.013487 0.014462
0 0.409159 0.306767 0.014268 0.017058
0 0.452088 0.164349 0.015222 0.016139
0 0.425014 0.141874 0.018085 0.012616
0 0.125430 0.909737 0.012796 0.015705
0 0.285705 0.399044 0.018125 0.010977
0 0.376183 0.270281 0.019564 0.016682
0 0.283165 0.985762 0.012542 0.028475
0 0.317772 0.912181 0.020439 0.036930
0 0.328125 0.640625 0.009766 0.009766
0 0.262984 0.502641 0.020650 0.012420
0 0.347962 0.334576 0.018060 0.013857
0 0.352788 0.352559 0.020551 0.013390
0 0.390933 0.342283 0.015258 0.020863
0 0.372016 0.338780 0.013234 0.017593
0 0.372561 0.360032 0.009342 0.018994
0 0.385094 0.360966 0.010431 0.016192
0 0.367735 0.390937 0.020863 0.011366
0 0.391088 0.408686 0.018994 0.007629
0 0.439197 0.407545 0.014946 0.029581
0 0.453677 0.391743 0.016192 0.025378
0 0.451108 0.367299 0.020396 0.031605
0 0.380657 0.303076 0.023354 0.012455
0 0.397550 0.271470 0.010743 0.020551
0 0.427520 0.274429 0.013701 0.018994
0 0.428065 0.294124 0.011677 0.016348
0 0.456012 0.300273 0.009964 0.015881
0 0.456323 0.274818 0.012144 0.017282
0 0.421993 0.246235 0.011988 0.017593
0 0.512460 0.068061 0.011677 0.013545
0 0.545545 0.012946 0.015881 0.014168
0 0.670203 0.761161 0.017905 0.010276
0 0.265418 0.515827 0.013121 0.012551
0 0.405920 0.582089 0.015023 0.023770
