0 0.383423 0.548534 0.041552 0.041275
0 0.777334 0.346426 0.030185 0.031057
0 0.329992 0.424107 0.033119 0.031871
0 0.556201 0.260318 0.031004 0.030756
0 0.534759 0.108324 0.035462 0.033909
0 0.141040 0.278302 0.032157 0.030801
0 0.587358 0.480654 0.035080 0.033014
0 0.535086 0.465016 0.031616 0.033587
0 0.464896 0.206299 0.031845 0.030519
0 0.497373 0.259791 0.033572 0.032738
0 0.230115 0.448340 0.036592 0.039855
0 0.415817 0.499353 0.032088 0.030890
0 0.421188 0.030050 0.032249 0.035187
0 0.762212 0.728727 0.047547 0.042475
0 0.140715 0.391290 0.032346 0.032856
0 0.457861 0.530525 0.038483 0.033363
0 0.606556 0.253919 0.036248 0.032951
0 0.867094 0.287528 0.038223 0.035882
0 0.074714 0.326883 0.033195 0.029028
0 0.600064 0.145719 0.031382 0.029640
0 0.925537 0.231905 0.037179 0.026650
0 0.715112 0.243720 0.031264 0.027278
0 0.797099 0.203945 0.034350 0.027190
0 0.896649 0.324008 0.035539 0.029677
0 0.360244 0.462195 0.032736 0.029494
0 0.430932 0.584204 0.046260 0.037942
0 0.649304 0.096616 0.030305 0.029580
0 0.098985 0.361325 0.031004 0.033152
0 0.129234 0.331563 0.031706 0.028576
0 0.703498 0.104349 0.039167 0.028410
0 0.485009 0.465700 0.031733 0.031818
0 0.870883 0.246722 0.035344 0.028852
0 0.227769 0.400856 0.032615 0.032144
0 0.883600 0.053012 0.037813 0.029647
0 0.519690 0.216424 0.032874 0.030980
0 0.877507 0.361231 0.037530 0.030763
0 0.865075 0.209729 0.036537 0.027055
0 0.614967 0.526923 0.030607 0.026422
0 0.616118 0.068615 0.030510 0.032953
0 0.645907 0.299845 0.029601 0.028374
0 0.820726 0.278518 0.037537 0.028052
0 0.834254 0.179416 0.028392 0.029542
0 0.150003 0.039256 0.033633 0.028376
0 0.460095 0.034559 0.030490 0.034025
0 0.816951 0.344918 0.033119 0.030428
0 0.600010 0.110848 0.028336 0.026734
0 0.745254 0.205388 0.034082 0.031637
0 0.719590 0.066604 0.033017 0.027978
0 0.701200 0.141043 0.033158 0.029795
0 0.821595 0.373851 0.036718 0.027785
0 0.224988 0.364314 0.035399 0.027347
0 0.191001 0.386493 0.031882 0.030123
0 0.740953 0.360322 0.026733 0.029870
0 0.785715 0.309078 0.036236 0.027527
0 0.274088 0.343602 0.031148 0.028002
0 0.089789 0.199033 0.028703 0.026799
0 0.736755 0.036611 0.033796 0.030116
0 0.300822 0.380646 0.033939 0.030172
0 0.054289 0.056346 0.028425 0.028757
0 0.579399 0.085714 0.031069 0.026267
0 0.566532 0.426027 0.033155 0.029408
0 0.013958 0.058473 0.024004 0.037293
0 0.210098 0.130638 0.030080 0.028742
0 0.671599 0.224719 0.030195 0.024940
0 0.509190 0.429886 0.036306 0.032042
0 0.900774 0.183737 0.036178 0.025862
0 0.568649 0.214958 0.034729 0.032208
0 0.273225 0.265307 0.029392 0.030140
0 0.654099 0.128832 0.031608 0.030312
0 0.633960 0.036257 0.032777 0.027624
0 0.546235 0.055325 0.038300 0.027602
0 0.304281 0.238604 0.033738 0.029149
0 0.770503 0.385194 0.029182 0.026144
0 0.366968 0.110012 0.031722 0.030226
0 0.777434 0.544972 0.033004 0.026535
0 0.481732 0.498416 0.033364 0.033047
0 0.910783 0.109571 0.033720 0.026416
0 0.076304 0.284824 0.033746 0.027631
0 0.507548 0.028946 0.035178 0.030584
0 0.235410 0.320711 0.030173 0.028620
0 0.278692 0.416998 0.040706 0.027550
0 0.500951 0.179951 0.030273 0.028816
0 0.869278 0.543137 0.029450 0.034723
0 0.924551 0.275808 0.038169 0.027998
0 0.104187 0.259148 0.034716 0.026419
0 0.345683 0.144185 0.034202 0.030529
0 0.571824 0.585764 0.030697 0.031055
0 0.588435 0.643996 0.034069 0.030788
0 0.038694 0.090256 0.026915 0.029028
0 0.050978 0.424320 0.039381 0.028812
0 0.928541 0.144313 0.036763 0.025908
0 0.761833 0.486672 0.029111 0.023723
0 0.195367 0.240434 0.027464 0.026726
0 0.107139 0.415561 0.045390 0.028653
0 0.330299 0.491665 0.044270 0.035131
0 0.413460 0.460727 0.036335 0.027538
0 0.085687 0.451129 0.036367 0.034093
0 0.745495 0.316167 0.030868 0.030080
0 0.960561 0.256696 0.030673 0.024806
0 0.517104 0.611590 0.029583 0.030397
0 0.782621 0.061187 0.029057 0.026239
0 0.786260 0.419120 0.032194 0.028441
0 0.370625 0.290407 0.029835 0.030758
0 0.771705 0.246483 0.030885 0.023840
0 0.371834 0.394073 0.032941 0.028873
0 0.381384 0.429758 0.034725 0.029802
0 0.236213 0.245545 0.029933 0.028848
0 0.543783 0.154551 0.035984 0.026236
0 0.955616 0.054891 0.026875 0.026647
0 0.275423 0.025465 0.030970 0.029501
0 0.023312 0.346615 0.035524 0.031901
0 0.104626 0.054359 0.028759 0.031052
0 0.404539 0.314579 0.033144 0.032957
0 0.029690 0.155786 0.030240 0.030982
0 0.720298 0.174034 0.037168 0.027725
0 0.783588 0.452020 0.028697 0.025316
0 0.149928 0.239934 0.031196 0.030863
0 0.831271 0.015925 0.035976 0.027473
0 0.379926 0.481659 0.032449 0.034507
0 0.733482 0.279948 0.026800 0.027697
0 0.796634 0.141189 0.037213 0.026224
0 0.915643 0.070129 0.028031 0.026618
0 0.639922 0.477296 0.030726 0.032265
0 0.316904 0.335743 0.037108 0.028697
0 0.439564 0.069016 0.030914 0.028335
0 0.481634 0.133922 0.036779 0.030889
0 0.520846 0.500896 0.031308 0.029289
0 0.938757 0.356778 0.027645 0.031719
0 0.616020 0.330291 0.027981 0.025330
0 0.391121 0.135282 0.032411 0.030070
0 0.455225 0.440600 0.035178 0.027652
0 0.260801 0.381212 0.033850 0.028517
0 0.365106 0.334344 0.036455 0.025731
0 0.678572 0.049284 0.030939 0.028898
0 0.694507 0.275419 0.027712 0.023866
0 0.785531 0.024968 0.034790 0.027812
0 0.828846 0.309012 0.032513 0.029425
0 0.335872 0.305873 0.034733 0.029172
0 0.379536 0.176101 0.029263 0.025981
0 0.270247 0.219973 0.032405 0.030250
0 0.075684 0.077148 0.022461 0.035156
0 0.041992 0.120605 0.027344 0.024414
0 0.081543 0.110840 0.032227 0.024414
0 0.008789 0.129883 0.017578 0.021484
0 0.073242 0.155762 0.027344 0.032227
0 0.123047 0.115723 0.029297 0.018555
0 0.119629 0.082520 0.030273 0.026367
0 0.148438 0.074707 0.017578 0.028320
0 0.170410 0.097168 0.030273 0.022461
0 0.123047 0.147461 0.025391 0.023438
0 0.160156 0.127930 0.015625 0.029297
0 0.201660 0.015625 0.030273 0.021484
0 0.236816 0.020996 0.030273 0.024414
0 0.203125 0.050781 0.033203 0.023438
0 0.245605 0.055176 0.018555 0.032227
0 0.213867 0.081543 0.017578 0.034180
0 0.248535 0.097656 0.032227 0.023438
0 0.282227 0.075195 0.033203 0.023438
0 0.238062 0.079946 0.020142 0.033759
0 0.254883 0.132812 0.027344 0.025391
0 0.213867 0.161133 0.021484 0.027344
0 0.165527 0.159668 0.026367 0.014648
0 0.123047 0.171387 0.027344 0.016602
0 0.041504 0.187012 0.026367 0.026367
0 0.010254 0.187012 0.020508 0.026367
0 0.167969 0.186035 0.029297 0.022461
0 0.133301 0.206055 0.028320 0.017578
0 0.054688 0.224609 0.027344 0.017578
0 0.089844 0.229004 0.031250 0.018555
0 0.178223 0.213867 0.018555 0.031250
0 0.214844 0.191406 0.031250 0.017578
0 0.257324 0.171387 0.016602 0.030273
0 0.275391 0.189941 0.021484 0.022461
0 0.297363 0.147461 0.030273 0.021484
0 0.043945 0.256348 0.021484 0.024414
0 0.006348 0.215332 0.012695 0.016602
0 0.187064 0.267750 0.028217 0.030905
0 0.232910 0.214355 0.026367 0.018555
0 0.162109 0.306152 0.025391 0.034180
0 0.205078 0.299316 0.029297 0.026367
0 0.152344 0.354004 0.037109 0.024414
0 0.191895 0.337402 0.024414 0.026367
0 0.029785 0.388672 0.024414 0.031250
0 0.126465 0.434570 0.030273 0.027344
0 0.279785 0.297852 0.032227 0.025391
0 0.241211 0.278320 0.027344 0.025391
0 0.314453 0.009277 0.021484 0.018555
0 0.347168 0.018066 0.018555 0.030273
0 0.309082 0.042969 0.030273 0.025391
0 0.322266 0.083984 0.027344 0.025391
0 0.363281 0.071289 0.029297 0.023438
0 0.376953 0.037598 0.023438 0.032227
0 0.388024 0.008789 0.022142 0.017578
0 0.403182 0.065437 0.030974 0.029281
0 0.310059 0.116699 0.034180 0.016602
0 0.419434 0.098145 0.022461 0.024414
0 0.422852 0.168457 0.027344 0.018555
0 0.328613 0.174805 0.030273 0.031250
0 0.353027 0.210938 0.018555 0.031250
0 0.409668 0.199707 0.028320 0.028320
0 0.340820 0.244629 0.027344 0.026367
0 0.384766 0.241699 0.033203 0.022461
0 0.423828 0.231445 0.029297 0.023438
0 0.317383 0.270996 0.033203 0.024414
0 0.415039 0.260742 0.017578 0.025391
0 0.455078 0.242676 0.021484 0.024414
0 0.458496 0.271973 0.016602 0.022461
0 0.431641 0.287598 0.029297 0.026367
0 0.470703 0.299316 0.021484 0.026367
0 0.428223 0.337891 0.022461 0.023438
0 0.350586 0.365723 0.023438 0.030273
0 0.394531 0.367188 0.021484 0.025391
0 0.476746 0.323901 0.029663 0.018213
0 0.559570 0.012207 0.023438 0.024414
0 0.467773 0.008301 0.011719 0.016602
0 0.610840 0.011230 0.026367 0.022461
0 0.588379 0.042969 0.024414 0.021484
0 0.495117 0.068848 0.035156 0.028320
0 0.459961 0.098633 0.021484 0.027344
0 0.605957 0.184082 0.032227 0.026367
0 0.630859 0.214355 0.023438 0.022461
0 0.509277 0.302734 0.018555 0.031250
0 0.544922 0.291992 0.021484 0.021484
0 0.584961 0.302734 0.025391 0.017578
0 0.612305 0.294434 0.015625 0.022461
0 0.547844 0.320197 0.023454 0.029528
0 0.515748 0.331746 0.029051 0.025960
0 0.470480 0.348746 0.039508 0.031023
0 0.416504 0.394531 0.028320 0.025391
0 0.484375 0.386719 0.027344 0.025391
0 0.515118 0.358138 0.028358 0.022006
0 0.547077 0.352939 0.022335 0.021820
0 0.578777 0.345666 0.037234 0.019392
0 0.569262 0.375975 0.019383 0.015629
0 0.530898 0.382511 0.028593 0.029900
0 0.468262 0.412598 0.028320 0.028320
0 0.600103 0.368637 0.040029 0.016571
0 0.588867 0.392090 0.025391 0.022461
0 0.571294 0.361210 0.029504 0.023546
0 0.609863 0.416016 0.026367 0.015625
0 0.629883 0.390137 0.021484 0.018555
0 0.613770 0.445312 0.016602 0.017578
0 0.501953 0.526855 0.025391 0.026367
0 0.546387 0.524902 0.026367 0.016602
0 0.550364 0.556016 0.026225 0.024141
0 0.576660 0.541016 0.018555 0.023438
0 0.536133 0.580566 0.029297 0.016602
0 0.549805 0.609863 0.029297 0.022461
0 0.583984 0.613770 0.015625 0.028320
0 0.622559 0.609375 0.018555 0.023438
0 0.607910 0.576172 0.028320 0.021484
0 0.643146 0.575292 0.034326 0.032624
0 0.635742 0.548340 0.023438 0.026367
0 0.678711 0.587891 0.021484 0.023438
0 0.673828 0.564453 0.017578 0.025391
0 0.711914 0.567871 0.025391 0.022461
0 0.708110 0.535606 0.028653 0.026444
0 0.668252 0.528625 0.032341 0.027234
0 0.652832 0.502441 0.022461 0.022461
0 0.682129 0.485352 0.022461 0.025391
0 0.739258 0.550781 0.023438 0.017578
0 0.739746 0.520508 0.016602 0.025391
0 0.782227 0.519043 0.025391 0.016602
0 0.824219 0.520020 0.021484 0.022461
0 0.871094 0.518066 0.013672 0.018555
0 0.819624 0.491201 0.030674 0.027323
0 0.721191 0.485840 0.026367 0.022461
0 0.699707 0.457031 0.022461 0.027344
0 0.829102 0.407227 0.015625 0.015625
0 0.641188 0.435170 0.028066 0.029452
0 0.677246 0.439941 0.026367 0.024414
0 0.654785 0.410156 0.024414 0.021484
0 0.718262 0.430664 0.030273 0.021484
0 0.741699 0.455078 0.018555 0.023438
0 0.746351 0.428118 0.022869 0.029799
0 0.686842 0.404569 0.024075 0.022894
0 0.661012 0.378581 0.017819 0.031901
0 0.652832 0.350586 0.028320 0.017578
0 0.730991 0.397717 0.024482 0.020972
0 0.704168 0.378959 0.015758 0.029192
0 0.695312 0.349121 0.027344 0.018555
0 0.676531 0.319989 0.030838 0.022869
0 0.717591 0.306822 0.030492 0.024255
0 0.774937 0.283598 0.030838 0.024255
0 0.853834 0.327504 0.034650 0.028066
0 0.952587 0.324212 0.029799 0.027027
0 0.682837 0.186717 0.037075 0.030838
0 0.654078 0.174243 0.033610 0.028066
0 0.643163 0.153973 0.031878 0.031878
0 0.769289 0.167313 0.036729 0.032917
0 0.767903 0.129198 0.035343 0.029452
0 0.755082 0.094375 0.037422 0.032571
0 0.671749 0.012102 0.035689 0.024205
0 0.712809 0.009998 0.036729 0.019404
0 0.759067 0.009998 0.028759 0.019404
0 0.833045 0.046900 0.026334 0.029452
0 0.819878 0.083629 0.081081 0.046777
0 0.796316 0.101301 0.035343 0.029452
0 0.849677 0.128328 0.027027 0.032917
0 0.872559 0.125977 0.026367 0.017578
0 0.870117 0.158691 0.021484 0.014648
0 0.879883 0.014648 0.029297 0.025391
0 0.918945 0.023926 0.027344 0.024414
0 0.950195 0.085938 0.021484 0.031250
0 0.969238 0.122070 0.032227 0.031250
0 0.969727 0.160645 0.025391 0.018555
0 0.941406 0.187500 0.031250 0.027344
0 0.977051 0.209473 0.028320 0.024414
0 0.810059 0.248047 0.024414 0.017578
0 0.977051 0.353027 0.026367 0.022461
0 0.988281 0.323242 0.021484 0.017578
0 0.961914 0.295898 0.025391 0.015625
0 0.986816 0.277344 0.024414 0.027344
0 0.989746 0.062012 0.018555 0.036133
0 0.977051 0.017578 0.028320 0.023438
0 0.994032 0.382034 0.011936 0.030145
