0 0.926637 0.148099 0.044976 0.028207
0 0.129575 0.193356 0.035787 0.036294
0 0.294044 0.172116 0.037391 0.032509
0 0.024615 0.188471 0.049229 0.049241
0 0.619151 0.156402 0.067755 0.042289
0 0.438937 0.094402 0.032792 0.046531
0 0.618078 0.832412 0.047423 0.036607
0 0.311182 0.264028 0.055559 0.045312
0 0.364211 0.058081 0.039326 0.033101
0 0.645710 0.069186 0.043202 0.032827
0 0.302448 0.056704 0.034736 0.027884
0 0.323901 0.209814 0.027849 0.026672
0 0.919758 0.412885 0.039703 0.029603
0 0.531176 0.414631 0.075626 0.057855
0 0.867566 0.058345 0.035198 0.025764
0 0.864297 0.492009 0.038648 0.029885
0 0.209284 0.323152 0.035428 0.036663
0 0.439898 0.311320 0.058486 0.040975
0 0.332025 0.322287 0.047021 0.043451
0 0.528779 0.045365 0.038736 0.043367
0 0.071632 0.074413 0.042355 0.024726
0 0.667402 0.487097 0.045309 0.039256
0 0.983606 0.205038 0.032788 0.043925
0 0.599218 0.069902 0.036915 0.036595
0 0.197143 0.366936 0.050650 0.049423
0 0.983951 0.451197 0.032098 0.034000
0 0.024304 0.098905 0.032467 0.034606
0 0.912109 0.019300 0.043098 0.038601
0 0.087495 0.021441 0.025050 0.041001
0 0.994435 0.094283 0.010143 0.029536
0 0.564162 0.019225 0.032194 0.038449
0 0.122559 0.016113 0.030273 0.024414
0 0.101562 0.079102 0.021484 0.027344
0 0.044922 0.087891 0.017578 0.031250
0 0.227051 0.410645 0.032227 0.055664
0 0.273926 0.007812 0.022461 0.015625
0 0.561523 0.079590 0.027344 0.032227
0 0.715866 0.011236 0.025396 0.022472
0 0.981164 0.173826 0.034801 0.027277
0 0.990190 0.055247 0.019620 0.029158
0 0.990974 0.026089 0.018053 0.030412
0 0.962666 0.006382 0.030412 0.012764
0 0.838910 0.005481 0.036379 0.010963
0 0.863610 0.009694 0.023742 0.019387
