0 0.831403 0.067534 0.046694 0.037777
0 0.409523 0.749720 0.041782 0.035157
0 0.077272 0.880873 0.041040 0.051419
0 0.228300 0.936751 0.055729 0.057463
0 0.063411 0.979628 0.035957 0.034019
0 0.563716 0.948293 0.031619 0.032825
0 0.590405 0.080063 0.040263 0.036767
0 0.687292 0.710268 0.042337 0.039044
0 0.423605 0.833404 0.038086 0.030100
0 0.239644 0.822253 0.044475 0.029258
0 0.422860 0.936183 0.036798 0.031169
0 0.472016 0.786606 0.032523 0.031521
0 0.391419 0.323688 0.040018 0.043472
0 0.500879 0.288745 0.038854 0.039026
0 0.182768 0.244847 0.042177 0.042266
0 0.962737 0.218508 0.039715 0.039870
0 0.814347 0.297099 0.066570 0.044213
0 0.340171 0.250434 0.043468 0.039867
0 0.722146 0.258125 0.034984 0.042142
0 0.880797 0.708220 0.058365 0.051465
0 0.492043 0.563779 0.039440 0.034910
0 0.346248 0.425095 0.038571 0.032553
0 0.190272 0.709953 0.041405 0.038222
0 0.861253 0.362106 0.034079 0.034270
0 0.130044 0.138984 0.040848 0.036401
0 0.178730 0.577256 0.041428 0.037500
0 0.081565 0.505432 0.032182 0.026755
0 0.933275 0.617645 0.042824 0.055386
0 0.955837 0.362111 0.029139 0.035123
0 0.626607 0.330828 0.038619 0.031823
0 0.591923 0.596465 0.029555 0.033044
0 0.685409 0.137446 0.043013 0.037726
0 0.129096 0.639235 0.042456 0.031121
0 0.117047 0.262692 0.033981 0.032672
0 0.408764 0.551221 0.037289 0.036466
0 0.327298 0.579425 0.035187 0.032243
0 0.367482 0.365664 0.038795 0.036796
0 0.639232 0.283829 0.049567 0.038079
0 0.700813 0.608867 0.043039 0.030130
0 0.978478 0.926548 0.038989 0.039280
0 0.409044 0.632193 0.040416 0.030246
0 0.086694 0.277406 0.038001 0.033630
0 0.122751 0.332259 0.036821 0.039800
0 0.403958 0.177294 0.050457 0.042661
0 0.570418 0.209664 0.029843 0.036810
0 0.622436 0.421324 0.034332 0.028839
0 0.593025 0.389475 0.037318 0.039604
0 0.532725 0.256734 0.033133 0.036037
0 0.228127 0.758756 0.034496 0.038393
0 0.915075 0.369616 0.026193 0.029467
0 0.583284 0.249332 0.033648 0.038205
0 0.068063 0.324186 0.034277 0.043722
0 0.547187 0.620762 0.033552 0.032403
0 0.265502 0.419654 0.037898 0.029717
0 0.333011 0.301314 0.038040 0.036051
0 0.261095 0.464042 0.031557 0.033570
0 0.121545 0.505323 0.031935 0.027494
0 0.686944 0.450330 0.042023 0.036566
0 0.392217 0.496252 0.039957 0.036953
0 0.383404 0.219872 0.038741 0.037467
0 0.670241 0.396534 0.042019 0.042242
0 0.110550 0.541707 0.031974 0.026915
0 0.221247 0.404792 0.031948 0.026649
0 0.085997 0.368239 0.039782 0.041732
0 0.291798 0.524975 0.039582 0.041259
0 0.147835 0.772878 0.071158 0.057487
0 0.702295 0.218632 0.029692 0.035242
0 0.218508 0.497388 0.045433 0.056570
0 0.763547 0.401697 0.104238 0.058694
0 0.212670 0.361640 0.036889 0.036165
0 0.289487 0.279231 0.042153 0.037131
0 0.267323 0.370695 0.038290 0.039008
0 0.781933 0.473350 0.047668 0.033102
0 0.127620 0.439247 0.029922 0.022425
0 0.295080 0.326919 0.034805 0.030784
0 0.642427 0.161402 0.033900 0.023832
0 0.457817 0.581069 0.030119 0.028463
0 0.248812 0.329359 0.043502 0.029201
0 0.450013 0.083099 0.040188 0.038872
0 0.323713 0.491245 0.031561 0.026052
0 0.003881 0.323839 0.007761 0.023417
0 0.035081 0.116455 0.036330 0.035288
0 0.008284 0.431277 0.016568 0.048087
0 0.108665 0.010597 0.037186 0.021194
0 0.010254 0.061523 0.020508 0.060547
0 0.062834 0.134567 0.031338 0.043031
0 0.011656 0.239103 0.023311 0.031338
0 0.041786 0.224136 0.054724 0.042563
0 0.256836 0.221680 0.027344 0.025391
0 0.261719 0.192871 0.044922 0.038086
0 0.155762 0.423340 0.038086 0.026367
0 0.183594 0.551270 0.021484 0.024414
0 0.347168 0.522949 0.022461 0.026367
0 0.358398 0.547363 0.021484 0.032227
0 0.476074 0.673828 0.024414 0.033203
0 0.493652 0.633301 0.032227 0.026367
0 0.510742 0.654297 0.031250 0.017578
0 0.420898 0.459961 0.027344 0.023438
0 0.444336 0.480957 0.023438 0.036133
0 0.485840 0.104980 0.034180 0.049805
0 0.606934 0.216797 0.024414 0.029297
0 0.626953 0.212891 0.015625 0.021484
0 0.635742 0.185547 0.021484 0.021484
0 0.649414 0.207520 0.023438 0.018555
0 0.933298 0.455651 0.036518 0.035963
0 0.966170 0.431040 0.065707 0.053485
