0 0.432173 0.242678 0.048239 0.048776
0 0.085640 0.339064 0.054348 0.048270
0 0.121842 0.091642 0.060112 0.057299
0 0.256385 0.091110 0.066570 0.027017
0 0.446144 0.470074 0.061847 0.063501
0 0.438760 0.104333 0.029417 0.046313
0 0.099664 0.449122 0.032627 0.035219
0 0.013651 0.302039 0.027241 0.043738
0 0.101032 0.279422 0.031037 0.030717
0 0.177111 0.168008 0.023658 0.045691
0 0.204571 0.194153 0.038609 0.035268
0 0.272896 0.072115 0.064900 0.022887
0 0.134318 0.440605 0.042326 0.026963
0 0.285744 0.362156 0.075394 0.030953
0 0.281878 0.808699 0.070159 0.036483
0 0.298950 0.794434 0.064078 0.026660
0 0.297482 0.386519 0.062207 0.028999
0 0.488080 0.098717 0.062675 0.035079
