0 0.271833 0.408717 0.048155 0.058012
0 0.255073 0.574772 0.030642 0.036415
0 0.907487 0.882161 0.019815 0.060210
0 0.887593 0.371834 0.045600 0.068555
0 0.442659 0.201349 0.064291 0.058962
0 0.655652 0.839429 0.046687 0.067812
0 0.553659 0.331202 0.068404 0.050710
0 0.637347 0.714489 0.049593 0.032662
0 0.624791 0.542625 0.046629 0.062019
0 0.129514 0.592056 0.062791 0.054848
0 0.036324 0.507729 0.063627 0.040338
0 0.982481 0.520029 0.034837 0.056104
0 0.782885 0.591760 0.065155 0.060493
0 0.076172 0.008789 0.050781 0.017578
0 0.133301 0.506348 0.024414 0.055664
0 0.217285 0.786133 0.061523 0.025391
0 0.468262 0.619141 0.024414 0.033203
0 0.577148 0.580078 0.021484 0.021484
0 0.883291 0.889183 0.049077 0.056979
