0 0.567012 0.774211 0.041651 0.028669
0 0.461651 0.172881 0.046696 0.034041
0 0.446694 0.232475 0.047329 0.031376
0 0.478232 0.927189 0.042109 0.036460
0 0.480640 0.082511 0.043361 0.035403
0 0.495166 0.478952 0.084231 0.045711
0 0.466547 0.777969 0.064212 0.064576
0 0.335221 0.195694 0.042567 0.025271
0 0.400130 0.858510 0.074239 0.060184
0 0.382440 0.611509 0.077801 0.085501
0 0.278332 0.823026 0.074770 0.064242
0 0.395332 0.289553 0.041380 0.024864
0 0.441003 0.419921 0.043395 0.026526
0 0.363544 0.713705 0.049217 0.036198
0 0.163534 0.073930 0.047207 0.025313
0 0.253633 0.459626 0.047700 0.027027
0 0.185038 0.716978 0.042576 0.026318
0 0.271503 0.096002 0.044620 0.027629
0 0.347892 0.286709 0.039494 0.024313
0 0.369432 0.639829 0.070552 0.051358
0 0.353516 0.117188 0.033203 0.023438
0 0.385742 0.119629 0.035156 0.028320
0 0.475586 0.413086 0.029297 0.031250
0 0.261719 0.721191 0.042969 0.026367
0 0.259277 0.744141 0.038086 0.025391
0 0.389648 0.907227 0.035156 0.023438
0 0.419922 0.985352 0.046875 0.027344
0 0.446133 0.993205 0.039374 0.011636
