0 0.546495 0.403529 0.075283 0.042558
0 0.188401 0.042944 0.027705 0.027279
0 0.554423 0.943719 0.026898 0.026484
0 0.722005 0.801088 0.027061 0.025747
0 0.418277 0.791041 0.034603 0.017639
0 0.621375 0.855109 0.027778 0.019260
0 0.510587 0.975178 0.021175 0.019797
0 0.785171 0.826439 0.019012 0.016040
0 0.739137 0.838548 0.024535 0.020161
0 0.507646 0.819961 0.034557 0.031198
0 0.421569 0.843612 0.029294 0.018076
0 0.622241 0.814760 0.027419 0.024304
0 0.699248 0.764107 0.024821 0.027825
0 0.348145 0.975586 0.014648 0.015625
0 0.359863 0.935547 0.034180 0.015625
0 0.359863 0.896973 0.022461 0.014648
0 0.371851 0.874449 0.021046 0.012821
0 0.390406 0.871998 0.016063 0.013526
0 0.381836 0.905762 0.013672 0.010742
0 0.353027 0.853027 0.012695 0.014648
0 0.365723 0.853027 0.026367 0.016602
0 0.377441 0.821777 0.016602 0.012695
0 0.428223 0.912598 0.022461 0.016602
0 0.383789 0.958984 0.023438 0.015625
0 0.420898 0.962891 0.021484 0.017578
0 0.437500 0.982910 0.013672 0.012695
0 0.452637 0.958496 0.016602 0.014648
0 0.478027 0.980469 0.022461 0.013672
0 0.546875 0.982910 0.017578 0.016602
0 0.574219 0.988281 0.013672 0.021484
0 0.487305 0.931152 0.017578 0.022461
0 0.459473 0.931641 0.012695 0.013672
0 0.461426 0.916504 0.008789 0.008789
0 0.458496 0.887207 0.018555 0.014648
0 0.463379 0.858887 0.022461 0.014648
0 0.486328 0.893555 0.011719 0.013672
0 0.470618 0.864578 0.019530 0.016849
0 0.452148 0.820312 0.017578 0.009766
0 0.429688 0.804199 0.021484 0.012695
0 0.457031 0.784180 0.023438 0.017578
0 0.468262 0.789062 0.014648 0.021484
0 0.496094 0.744141 0.017578 0.013672
0 0.492188 0.846680 0.021484 0.017578
0 0.515625 0.868164 0.023438 0.009766
0 0.534668 0.833496 0.016602 0.014648
0 0.577148 0.848145 0.013672 0.026367
0 0.656250 0.966797 0.023438 0.015625
0 0.692383 0.941406 0.023438 0.017578
0 0.732422 0.925781 0.015625 0.013672
0 0.776855 0.969238 0.018555 0.012695
0 0.789062 0.919434 0.021484 0.018555
0 0.802246 0.958496 0.016602 0.016602
0 0.847168 0.932129 0.022461 0.016602
0 0.847656 0.971680 0.009766 0.015625
0 0.873047 0.961914 0.011719 0.011719
0 0.897949 0.958984 0.012695 0.017578
0 0.898836 0.977105 0.026040 0.017232
0 0.933493 0.994201 0.024891 0.011599
0 0.928514 0.974041 0.016466 0.015701
0 0.934450 0.964085 0.036762 0.016466
0 0.884668 0.994584 0.016849 0.010833
0 0.714068 0.993818 0.023359 0.012364
0 0.762268 0.853782 0.030152 0.024859
0 0.756836 0.788086 0.023438 0.013672
0 0.799135 0.846600 0.020952 0.028565
0 0.827035 0.830247 0.019530 0.028338
0 0.850969 0.823546 0.015318 0.030252
0 0.878732 0.843650 0.017998 0.026806
0 0.907453 0.868158 0.027189 0.018381
0 0.943832 0.877732 0.024125 0.017615
0 0.552414 0.777191 0.024508 0.020296
0 0.565434 0.802082 0.029869 0.017998
0 0.590900 0.791551 0.027189 0.016849
0 0.624407 0.775084 0.026040 0.019913
0 0.548010 0.754597 0.023359 0.017232
0 0.555861 0.744449 0.035231 0.018381
0 0.570029 0.710367 0.031401 0.022976
0 0.602196 0.708453 0.011488 0.016849
0 0.612536 0.703092 0.028338 0.022211
0 0.631300 0.730855 0.026040 0.021062
0 0.575376 0.660585 0.064334 0.039060
0 0.640667 0.658096 0.016849 0.020296
0 0.630536 0.694999 0.011072 0.016951
0 0.644880 0.698113 0.019913 0.019147
0 0.670920 0.692752 0.022211 0.023742
0 0.649858 0.666138 0.013020 0.012637
0 0.674941 0.715154 0.019530 0.018764
0 0.700406 0.715346 0.015318 0.022976
0 0.697534 0.693710 0.018764 0.017232
0 0.665171 0.635043 0.033699 0.026806
0 0.695040 0.627001 0.026040 0.022976
0 0.726250 0.615705 0.019530 0.029486
0 0.699061 0.653041 0.027189 0.013786
0 0.731803 0.659168 0.019913 0.014552
0 0.721272 0.683485 0.027955 0.014935
0 0.696955 0.675635 0.019147 0.014552
0 0.751907 0.612450 0.032550 0.021445
0 0.856067 0.605557 0.029486 0.014552
0 0.830984 0.622980 0.016849 0.031784
0 0.815284 0.732693 0.011488 0.027572
0 0.883064 0.650935 0.023742 0.022593
0 0.883638 0.609769 0.020296 0.022976
0 0.912168 0.636958 0.019913 0.022211
0 0.901367 0.690918 0.021484 0.022461
0 0.879395 0.738770 0.024414 0.016602
0 0.859375 0.796387 0.017578 0.014648
0 0.830078 0.803223 0.015625 0.022461
0 0.896484 0.786621 0.023438 0.012695
0 0.899414 0.762207 0.021484 0.016602
0 0.957031 0.735840 0.009766 0.014648
0 0.947266 0.761230 0.015625 0.012695
0 0.945603 0.790785 0.022211 0.029869
0 0.979302 0.796338 0.019147 0.018764
0 0.975281 0.807634 0.020296 0.016849
0 0.944837 0.813187 0.022976 0.014935
0 0.954794 0.839036 0.019913 0.019147
0 0.970494 0.860097 0.018381 0.020679
0 0.994438 0.820846 0.011125 0.018764
0 0.944646 0.646120 0.030252 0.021062
0 0.955560 0.545598 0.028338 0.019913
0 0.753534 0.638475 0.020296 0.018381
0 0.904896 0.144080 0.022976 0.026423
0 0.939553 0.170311 0.020296 0.020679
0 0.948730 0.193848 0.012695 0.012695
0 0.900879 0.179199 0.012695 0.012695
0 0.384842 0.993990 0.029103 0.012020
0 0.402649 0.994299 0.014935 0.011105
