0 0.931767 0.058295 0.029014 0.031673
0 0.826513 0.201280 0.030802 0.033901
0 0.833093 0.121892 0.041543 0.023586
0 0.845612 0.750595 0.040934 0.022458
0 0.522060 0.578383 0.028826 0.038354
0 0.971258 0.544805 0.023076 0.036566
0 0.928206 0.321898 0.020603 0.041106
0 0.247138 0.081281 0.038332 0.041482
0 0.514093 0.145515 0.039948 0.075297
0 0.947200 0.838168 0.033759 0.025995
0 0.458671 0.465951 0.027809 0.031863
0 0.431146 0.056467 0.033956 0.027560
0 0.430922 0.968327 0.028269 0.046979
0 0.389934 0.741164 0.040127 0.019672
0 0.358876 0.686674 0.033743 0.051637
0 0.336750 0.944032 0.039898 0.032914
0 0.350083 0.759593 0.038937 0.025296
0 0.890715 0.791956 0.032415 0.025013
0 0.983518 0.820627 0.030069 0.023322
0 0.379759 0.858681 0.039539 0.058640
0 0.311310 0.715610 0.034813 0.039192
0 0.273330 0.940935 0.033492 0.027977
0 0.992161 0.619855 0.015678 0.028838
0 0.385835 0.836026 0.030049 0.031869
0 0.014696 0.588408 0.029393 0.018918
0 0.992390 0.751904 0.015219 0.015719
0 0.587402 0.239746 0.034180 0.022461
0 0.596191 0.278320 0.018555 0.037109
