0 0.743727 0.357926 0.049835 0.040675
0 0.318758 0.901841 0.042247 0.036637
0 0.263839 0.979342 0.029009 0.030281
0 0.800282 0.511591 0.038384 0.041187
0 0.071587 0.521512 0.041368 0.038070
0 0.643490 0.012906 0.052684 0.025812
0 0.871580 0.155647 0.033709 0.035504
0 0.643919 0.364812 0.025561 0.029114
0 0.194599 0.870549 0.051777 0.031669
0 0.656652 0.137786 0.034933 0.039008
0 0.551245 0.491819 0.038564 0.027869
0 0.989592 0.885946 0.020815 0.026403
0 0.662013 0.989720 0.022012 0.020561
0 0.440193 0.937356 0.019373 0.026700
0 0.676701 0.389642 0.035742 0.025419
0 0.758956 0.625114 0.028210 0.023887
0 0.887055 0.988384 0.030062 0.020336
0 0.060116 0.910506 0.045855 0.041347
0 0.061587 0.044372 0.015974 0.022820
0 0.072332 0.758690 0.021488 0.018636
0 0.091918 0.760021 0.016164 0.030046
0 0.038958 0.831251 0.028905 0.034610
0 0.233813 0.814267 0.018256 0.029095
0 0.247505 0.818165 0.017495 0.031947
0 0.214702 0.741456 0.019967 0.031377
0 0.255492 0.501813 0.042216 0.020157
0 0.593576 0.988467 0.020709 0.022411
0 0.566200 0.867360 0.015319 0.015887
0 0.552157 0.824807 0.015036 0.017021
0 0.639648 0.730469 0.021484 0.021484
0 0.537598 0.515137 0.016602 0.010742
0 0.496094 0.492188 0.027344 0.027344
0 0.572754 0.351074 0.047852 0.028320
0 0.623535 0.257812 0.018555 0.015625
0 0.634277 0.267090 0.026367 0.028320
0 0.680664 0.218750 0.021484 0.039062
0 0.724073 0.060544 0.031490 0.025248
0 0.719818 0.034161 0.020709 0.028653
0 0.751953 0.124023 0.039062 0.048828
0 0.741775 0.466879 0.015036 0.029220
0 0.717804 0.493121 0.015887 0.024397
0 0.687874 0.483050 0.019007 0.022979
0 0.764045 0.597983 0.017589 0.022695
0 0.877930 0.647949 0.023438 0.014648
0 0.915390 0.586791 0.013333 0.029220
0 0.974121 0.056641 0.028320 0.046875
0 0.973145 0.474609 0.022461 0.025391
0 0.806152 0.830078 0.016602 0.017578
