0 0.961474 0.702415 0.055738 0.052871
0 0.891606 0.746528 0.051607 0.054724
0 0.881888 0.413485 0.033398 0.032075
0 0.930731 0.893949 0.035857 0.040948
0 0.837580 0.713522 0.041944 0.037782
0 0.871471 0.865744 0.036042 0.042394
0 0.848030 0.649813 0.052608 0.049488
0 0.266010 0.204425 0.038745 0.026888
0 0.989624 0.550462 0.018045 0.033886
0 0.207520 0.014160 0.010742 0.028320
0 0.051758 0.817383 0.009766 0.021484
0 0.143066 0.875000 0.026367 0.025391
0 0.522371 0.367876 0.038865 0.041135
0 0.564641 0.256386 0.035461 0.043972
0 0.612158 0.341777 0.020993 0.043404
0 0.612305 0.939453 0.013672 0.013672
0 0.681673 0.958915 0.019575 0.032057
0 0.753904 0.874918 0.025248 0.036029
0 0.825209 0.906312 0.035177 0.030638
0 0.831308 0.930993 0.026383 0.034043
0 0.879110 0.972298 0.022128 0.028369
0 0.731445 0.821777 0.056641 0.059570
0 0.724499 0.813914 0.021560 0.038865
0 0.608595 0.481402 0.024965 0.033759
0 0.854440 0.321876 0.028085 0.032908
0 0.850894 0.351238 0.024965 0.034326
0 0.823943 0.277762 0.020426 0.037163
0 0.866922 0.241592 0.028085 0.038582
0 0.918270 0.271805 0.041135 0.025816
0 0.950469 0.370245 0.036880 0.026383
0 0.928582 0.426437 0.034894 0.020426
0 0.944185 0.449132 0.024681 0.022128
0 0.720921 0.469700 0.026950 0.035461
0 0.988759 0.893946 0.022482 0.039433
