0 0.630686 0.413020 0.041577 0.027037
0 0.079762 0.060012 0.029847 0.035264
0 0.682331 0.309018 0.035305 0.031916
0 0.300127 0.563092 0.038619 0.029822
0 0.040739 0.462006 0.033127 0.027721
0 0.406446 0.291822 0.044695 0.026051
0 0.282220 0.075191 0.028589 0.027952
0 0.443534 0.550408 0.031753 0.020577
0 0.219846 0.532847 0.030036 0.024943
0 0.015914 0.363469 0.031829 0.027356
0 0.666310 0.819201 0.040357 0.056816
0 0.477657 0.605779 0.026374 0.030390
0 0.015167 0.780229 0.029521 0.030250
0 0.039610 0.906046 0.029955 0.020047
0 0.363914 0.330629 0.032312 0.024425
0 0.134154 0.472357 0.032653 0.021345
0 0.009527 0.143043 0.017119 0.027892
0 0.074544 0.006499 0.029306 0.012998
