0 0.139883 0.389037 0.033890 0.051284
0 0.717536 0.052882 0.039077 0.048977
0 0.842509 0.963564 0.042480 0.040404
0 0.551133 0.507978 0.035251 0.045031
0 0.517688 0.718903 0.042118 0.041527
0 0.606139 0.401656 0.041157 0.049260
0 0.697353 0.840646 0.027927 0.046223
0 0.898682 0.087647 0.040188 0.045387
0 0.772230 0.561021 0.044949 0.056523
0 0.236811 0.408563 0.044221 0.036002
0 0.739425 0.316900 0.046490 0.060613
0 0.658733 0.621182 0.044810 0.042597
0 0.478303 0.414361 0.042272 0.030576
0 0.271577 0.831739 0.041166 0.050574
0 0.933105 0.030086 0.048978 0.042144
0 0.229025 0.091540 0.053969 0.043680
0 0.183283 0.778974 0.045588 0.043391
0 0.546755 0.301801 0.044609 0.040250
0 0.642823 0.227247 0.075787 0.055430
0 0.706104 0.521510 0.032299 0.036660
0 0.221425 0.978509 0.042134 0.039072
0 0.148971 0.961603 0.045951 0.039202
0 0.460150 0.340443 0.042583 0.043045
0 0.580808 0.629799 0.047128 0.034831
0 0.355380 0.994627 0.026048 0.008966
0 0.030273 0.083496 0.015625 0.045898
0 0.090332 0.066895 0.040039 0.028320
0 0.030762 0.312988 0.028320 0.045898
0 0.012695 0.282715 0.025391 0.053711
0 0.044922 0.627441 0.048828 0.018555
0 0.180746 0.524589 0.033206 0.040351
0 0.162147 0.518600 0.028792 0.038460
0 0.041504 0.676758 0.026367 0.044922
0 0.119141 0.875488 0.033203 0.034180
0 0.110491 0.991180 0.028162 0.017641
0 0.211474 0.895983 0.043083 0.030263
0 0.190430 0.178223 0.029297 0.036133
0 0.219238 0.167969 0.026367 0.050781
0 0.292480 0.120117 0.043945 0.031250
0 0.300781 0.142090 0.044922 0.028320
0 0.282227 0.215332 0.027344 0.040039
0 0.292969 0.765625 0.029297 0.031250
0 0.320801 0.718262 0.040039 0.038086
0 0.342285 0.821777 0.028320 0.026367
0 0.325195 0.645508 0.021484 0.017578
0 0.405762 0.443848 0.026367 0.036133
0 0.390625 0.355469 0.017578 0.029297
0 0.432129 0.293945 0.036133 0.027344
0 0.440918 0.266113 0.038086 0.028320
0 0.441895 0.101074 0.026367 0.045898
0 0.397686 0.074062 0.034677 0.039300
0 0.386022 0.049368 0.033206 0.034467
0 0.376985 0.016318 0.037409 0.032636
0 0.459702 0.009488 0.047287 0.018976
0 0.566696 0.053127 0.053171 0.031734
0 0.562703 0.021708 0.027531 0.031945
0 0.533203 0.135254 0.029297 0.036133
0 0.564941 0.131348 0.049805 0.034180
0 0.547568 0.289767 0.041612 0.035938
0 0.597645 0.390897 0.038880 0.023118
0 0.732422 0.388184 0.023438 0.040039
0 0.717285 0.561523 0.036133 0.023438
0 0.746094 0.631836 0.046875 0.029297
0 0.849609 0.560547 0.029297 0.037109
0 0.875977 0.542969 0.037109 0.039062
0 0.898926 0.993652 0.036133 0.010742
0 0.987305 0.954102 0.023438 0.037109
0 0.970972 0.989908 0.034887 0.020184
0 0.766113 0.736816 0.040039 0.036133
0 0.916504 0.393066 0.032227 0.071289
0 0.993164 0.529297 0.011719 0.023438
0 0.814453 0.150391 0.025391 0.048828
0 0.838867 0.151367 0.029297 0.033203
0 0.955566 0.109863 0.040039 0.028320
0 0.761719 0.123535 0.015625 0.022461
0 0.415039 0.731445 0.031250 0.044922
0 0.590820 0.793457 0.033203 0.028320
0 0.854980 0.202637 0.026367 0.038086
