0 0.596508 0.322664 0.072103 0.074860
0 0.280478 0.358330 0.050575 0.054433
0 0.183016 0.160589 0.055231 0.052252
0 0.386590 0.405038 0.057403 0.049936
0 0.796325 0.390057 0.043526 0.041459
0 0.348582 0.188847 0.051876 0.056938
0 0.297814 0.121687 0.055429 0.049273
0 0.840109 0.474254 0.059549 0.059738
0 0.093942 0.710311 0.037334 0.043532
0 0.190905 0.432455 0.055504 0.035026
0 0.410125 0.097540 0.059477 0.062669
0 0.269528 0.180246 0.054788 0.053663
0 0.157715 0.065430 0.057617 0.046875
0 0.062988 0.509277 0.067383 0.043945
0 0.062988 0.977539 0.043945 0.042969
0 0.141655 0.916397 0.043655 0.038677
0 0.703238 0.328918 0.052080 0.040592
