0 0.875254 0.082877 0.036970 0.027852
0 0.400535 0.166285 0.044650 0.024841
0 0.776703 0.143901 0.032753 0.040123
0 0.714967 0.596428 0.031052 0.031701
0 0.363253 0.532046 0.038262 0.025450
0 0.831462 0.120119 0.026091 0.032691
0 0.713378 0.146332 0.037141 0.036645
0 0.695305 0.528484 0.031971 0.033875
0 0.810646 0.831889 0.029077 0.034667
0 0.735782 0.341493 0.031607 0.034289
0 0.375405 0.218433 0.024467 0.027285
0 0.940367 0.199616 0.035317 0.027405
0 0.822713 0.209958 0.034134 0.035660
0 0.900061 0.215948 0.030447 0.030544
0 0.418194 0.419198 0.037510 0.037615
0 0.779949 0.248680 0.030577 0.036100
0 0.962746 0.582259 0.035174 0.033690
0 0.050925 0.299596 0.040637 0.029528
0 0.845243 0.585315 0.031747 0.032560
0 0.893006 0.270828 0.030020 0.040032
0 0.724258 0.082213 0.042209 0.026955
0 0.110975 0.441180 0.028333 0.033639
0 0.419965 0.241764 0.034149 0.029621
0 0.791569 0.316099 0.029618 0.031111
0 0.934541 0.240040 0.026502 0.027300
0 0.720390 0.480818 0.032364 0.033654
0 0.588519 0.141753 0.037857 0.048733
0 0.793590 0.881529 0.031519 0.031413
0 0.367062 0.580099 0.030612 0.037285
0 0.416557 0.625294 0.035332 0.029660
0 0.663318 0.217019 0.030110 0.032433
0 0.977393 0.530267 0.035724 0.033874
0 0.828595 0.334188 0.030578 0.029818
0 0.734043 0.676070 0.032297 0.029680
0 0.943767 0.497831 0.029126 0.032386
0 0.683118 0.934326 0.030500 0.031500
0 0.746608 0.545565 0.032671 0.033067
0 0.199810 0.773395 0.031798 0.031890
0 0.261840 0.555539 0.029918 0.030729
0 0.034798 0.502410 0.018233 0.022458
0 0.639541 0.121750 0.036928 0.039021
0 0.921407 0.551835 0.030196 0.029160
0 0.130045 0.283869 0.043657 0.042977
0 0.294816 0.239420 0.027035 0.027027
0 0.744627 0.882066 0.030956 0.031887
0 0.866759 0.190879 0.028139 0.033249
0 0.022879 0.419897 0.032162 0.032838
0 0.678995 0.770376 0.029909 0.031242
0 0.941004 0.281939 0.025872 0.026124
0 0.669465 0.480794 0.040007 0.039165
0 0.745428 0.938414 0.035563 0.032559
0 0.475276 0.598840 0.030640 0.030013
0 0.361357 0.341680 0.032008 0.029438
0 0.475835 0.256592 0.031647 0.032966
0 0.831626 0.269420 0.032750 0.032126
0 0.112727 0.531442 0.034872 0.025493
0 0.912446 0.158149 0.037674 0.040719
0 0.977696 0.438151 0.030502 0.034553
0 0.410041 0.682995 0.026510 0.043935
0 0.395531 0.296636 0.028013 0.032157
0 0.924176 0.360978 0.025352 0.026257
0 0.454612 0.201076 0.035577 0.027286
0 0.971522 0.225280 0.028841 0.029430
0 0.792496 0.575402 0.036152 0.035864
0 0.681444 0.685892 0.028236 0.031376
0 0.199269 0.350735 0.028359 0.031652
0 0.710736 0.235140 0.032476 0.034244
0 0.554114 0.205763 0.029527 0.032101
0 0.819837 0.160800 0.029743 0.027635
0 0.565416 0.768765 0.032931 0.031374
0 0.628695 0.290091 0.034718 0.027789
0 0.961463 0.315091 0.028227 0.029833
0 0.161527 0.644232 0.027249 0.030799
0 0.671123 0.639183 0.028301 0.035039
0 0.621474 0.340060 0.032453 0.033491
0 0.576020 0.419518 0.033763 0.031561
0 0.936017 0.760461 0.031423 0.028645
0 0.674329 0.361166 0.030652 0.034219
0 0.301019 0.285542 0.033568 0.031057
0 0.895620 0.724826 0.031105 0.034433
0 0.052540 0.545685 0.028740 0.030387
0 0.865179 0.818286 0.027807 0.033975
0 0.804617 0.403872 0.033817 0.030565
0 0.725142 0.640677 0.027910 0.028812
0 0.626040 0.392463 0.029069 0.029279
0 0.353338 0.405436 0.031650 0.029593
0 0.477712 0.641533 0.034208 0.027586
0 0.264764 0.844178 0.024792 0.027500
0 0.724862 0.429971 0.034300 0.026205
0 0.733076 0.276886 0.039772 0.027402
0 0.157334 0.405299 0.032832 0.035007
0 0.511331 0.413692 0.031327 0.029927
0 0.745056 0.191534 0.032175 0.035139
0 0.510956 0.161375 0.045083 0.025664
0 0.360797 0.271966 0.035378 0.026053
0 0.845636 0.371783 0.028911 0.029624
0 0.671031 0.820594 0.031987 0.032753
0 0.824343 0.533518 0.040712 0.032719
0 0.506610 0.211872 0.030579 0.027497
0 0.376011 0.844824 0.030722 0.028821
0 0.437223 0.289146 0.025035 0.036007
0 0.545362 0.279493 0.025190 0.027468
0 0.933741 0.399285 0.030526 0.027860
0 0.730749 0.990318 0.036869 0.015846
0 0.909150 0.603813 0.030001 0.036317
0 0.766119 0.452689 0.039289 0.026784
0 0.230957 0.216797 0.038086 0.052734
0 0.207031 0.250000 0.037109 0.025391
0 0.255371 0.256348 0.026367 0.030273
0 0.196777 0.282227 0.038086 0.044922
0 0.179199 0.301270 0.053711 0.026367
0 0.024414 0.324707 0.027344 0.018555
0 0.136719 0.342285 0.033203 0.032227
0 0.251953 0.306641 0.037109 0.023438
0 0.290527 0.332031 0.030273 0.027344
0 0.041504 0.366211 0.036133 0.027344
0 0.089844 0.380371 0.029297 0.030273
0 0.050293 0.456055 0.034180 0.027344
0 0.256348 0.381348 0.024414 0.034180
0 0.219727 0.384766 0.029297 0.029297
0 0.309082 0.388672 0.034180 0.017578
0 0.202637 0.420898 0.022461 0.039062
0 0.245605 0.408691 0.028320 0.032227
0 0.159180 0.457520 0.035156 0.018555
0 0.076172 0.498047 0.021484 0.029297
0 0.113770 0.489746 0.016602 0.030273
0 0.007558 0.494031 0.015117 0.036596
0 0.004438 0.360271 0.008876 0.051064
0 0.145020 0.485840 0.024414 0.016602
0 0.195801 0.477539 0.016602 0.035156
0 0.233887 0.472168 0.030273 0.024414
0 0.288574 0.437988 0.032227 0.032227
0 0.302246 0.479492 0.028320 0.015625
0 0.266113 0.498535 0.032227 0.028320
0 0.206543 0.525391 0.028320 0.017578
0 0.163086 0.515137 0.021484 0.016602
0 0.166016 0.555176 0.023438 0.018555
0 0.140625 0.577637 0.021484 0.024414
0 0.099121 0.573730 0.022461 0.024414
0 0.029785 0.594238 0.016602 0.026367
0 0.067871 0.599609 0.022461 0.021484
0 0.102539 0.614258 0.017578 0.023438
0 0.137207 0.612793 0.018555 0.018555
0 0.169434 0.596191 0.026367 0.024414
0 0.220703 0.574219 0.025391 0.035156
0 0.200195 0.617188 0.025391 0.017578
0 0.243164 0.612305 0.025391 0.023438
0 0.300781 0.572266 0.021484 0.015625
0 0.321289 0.523926 0.027344 0.036133
0 0.017090 0.624023 0.022461 0.042969
0 0.058105 0.641602 0.018555 0.015625
0 0.029785 0.674805 0.016602 0.025391
0 0.058594 0.688965 0.025391 0.024414
0 0.031250 0.713867 0.023438 0.021484
0 0.109375 0.668457 0.023438 0.026367
0 0.219238 0.653320 0.024414 0.023438
0 0.287598 0.630371 0.030273 0.026367
0 0.334473 0.621582 0.022461 0.024414
0 0.252930 0.672363 0.017578 0.016602
0 0.209473 0.689941 0.016602 0.018555
0 0.163574 0.707031 0.016602 0.025391
0 0.102051 0.723633 0.016602 0.027344
0 0.126953 0.702637 0.023438 0.022461
0 0.065430 0.739746 0.025391 0.034180
0 0.144043 0.747070 0.014648 0.027344
0 0.203613 0.726074 0.028320 0.018555
0 0.256348 0.709473 0.022461 0.018555
0 0.283691 0.693359 0.022461 0.023438
0 0.051758 0.770020 0.023438 0.032227
0 0.098145 0.771484 0.018555 0.017578
0 0.258301 0.745117 0.018555 0.023438
0 0.291504 0.729980 0.018555 0.024414
0 0.326172 0.710449 0.013672 0.026367
0 0.323242 0.668945 0.027344 0.015625
0 0.006991 0.752447 0.013982 0.028369
0 0.008268 0.801667 0.016535 0.038298
0 0.033691 0.831055 0.028320 0.025391
0 0.112305 0.804688 0.027344 0.021484
0 0.095703 0.833008 0.017578 0.027344
0 0.151367 0.802246 0.021484 0.022461
0 0.188477 0.815430 0.023438 0.017578
0 0.160156 0.846680 0.015625 0.017578
0 0.120117 0.857910 0.023438 0.014648
0 0.074124 0.871313 0.023830 0.020426
0 0.229004 0.819824 0.018555 0.022461
0 0.245117 0.782227 0.021484 0.021484
0 0.285645 0.768555 0.022461 0.021484
0 0.271484 0.806641 0.021484 0.013672
0 0.320801 0.787109 0.026367 0.025391
0 0.302246 0.822754 0.016602 0.026367
0 0.201660 0.856934 0.026367 0.022461
0 0.174316 0.888184 0.016602 0.022461
0 0.142578 0.892578 0.027344 0.013672
0 0.096831 0.900099 0.031749 0.026104
0 0.032227 0.936523 0.015625 0.023438
0 0.125977 0.931152 0.017578 0.024414
0 0.164062 0.925781 0.021484 0.015625
0 0.210449 0.899414 0.022461 0.021484
0 0.244141 0.879883 0.017578 0.025391
0 0.281738 0.879883 0.022461 0.021484
0 0.319824 0.864258 0.016602 0.031250
0 0.311035 0.900879 0.022461 0.024414
0 0.049805 0.966309 0.017578 0.014648
0 0.097168 0.968750 0.018555 0.017578
0 0.014124 0.973147 0.027518 0.036029
0 0.077954 0.932437 0.034326 0.023830
0 0.076110 0.992744 0.026099 0.014513
0 0.142578 0.968750 0.017578 0.025391
0 0.184082 0.974609 0.016602 0.027344
0 0.219238 0.971680 0.018555 0.021484
0 0.210721 0.939813 0.030922 0.022128
0 0.267458 0.930168 0.028653 0.027234
0 0.267603 0.961835 0.031211 0.031418
0 0.246749 0.992318 0.024681 0.015364
0 0.114124 0.993431 0.027234 0.011348
0 0.306891 0.944636 0.032624 0.032341
0 0.295827 0.990049 0.023546 0.019903
0 0.347168 0.187012 0.024414 0.028320
0 0.335938 0.227539 0.021484 0.029297
0 0.433105 0.343750 0.028320 0.039062
0 0.470215 0.305176 0.024414 0.014648
0 0.389648 0.373535 0.023438 0.022461
0 0.482910 0.341309 0.024414 0.024414
0 0.506559 0.282431 0.025248 0.034043
0 0.531949 0.247962 0.034043 0.020709
0 0.538048 0.326970 0.042837 0.026099
0 0.508301 0.369141 0.022461 0.031250
0 0.466797 0.389160 0.027344 0.034180
0 0.545410 0.385254 0.018555 0.028320
0 0.458984 0.442383 0.021484 0.027344
0 0.332232 0.452584 0.035177 0.019858
0 0.374785 0.460953 0.038014 0.025816
0 0.396346 0.490882 0.031206 0.024397
0 0.434360 0.474854 0.031206 0.020142
0 0.478190 0.493152 0.027518 0.030638
0 0.438615 0.509038 0.019291 0.039149
0 0.516062 0.478258 0.025532 0.030922
0 0.518899 0.509606 0.029504 0.026667
0 0.477197 0.526485 0.030071 0.022411
0 0.410246 0.536982 0.026667 0.024114
0 0.567383 0.490723 0.029297 0.034180
0 0.456200 0.553259 0.028558 0.030607
0 0.425020 0.582762 0.028145 0.034027
0 0.555664 0.545410 0.023438 0.028320
0 0.567383 0.587402 0.033203 0.026367
0 0.525879 0.641602 0.028320 0.027344
0 0.514606 0.551771 0.036336 0.036735
0 0.582967 0.648149 0.021844 0.030355
0 0.508499 0.679071 0.016454 0.042837
0 0.529350 0.693397 0.030922 0.036312
0 0.477718 0.697794 0.041135 0.019575
0 0.363281 0.695801 0.021484 0.028320
0 0.363281 0.655762 0.017578 0.022461
0 0.574707 0.690430 0.016602 0.023438
0 0.446289 0.721680 0.023438 0.027344
0 0.346191 0.745117 0.010742 0.023438
0 0.376953 0.743164 0.027344 0.027344
0 0.415527 0.750000 0.024414 0.017578
0 0.368652 0.778809 0.014648 0.026367
0 0.344727 0.812012 0.023438 0.022461
0 0.402344 0.793457 0.025391 0.024414
0 0.475098 0.747559 0.026367 0.016602
0 0.518555 0.741211 0.021484 0.027344
0 0.561523 0.724121 0.021484 0.028320
0 0.460449 0.791016 0.028320 0.021484
0 0.504883 0.791504 0.017578 0.014648
0 0.541504 0.803223 0.028320 0.012695
0 0.440430 0.834473 0.017578 0.024414
0 0.471680 0.849609 0.035156 0.017578
0 0.506348 0.831543 0.022461 0.018555
0 0.543945 0.845703 0.021484 0.021484
0 0.586426 0.819824 0.018555 0.026367
0 0.517578 0.869629 0.015625 0.022461
0 0.417480 0.870605 0.022461 0.016602
0 0.369141 0.895020 0.027344 0.016602
0 0.410156 0.906250 0.021484 0.015625
0 0.470703 0.890625 0.025391 0.027344
0 0.500977 0.912598 0.023438 0.018555
0 0.550781 0.882812 0.017578 0.015625
0 0.583496 0.863281 0.016602 0.021484
0 0.584961 0.902344 0.021484 0.017578
0 0.537109 0.924805 0.017578 0.017578
0 0.441895 0.929199 0.018555 0.024414
0 0.373535 0.930664 0.018555 0.017578
0 0.337402 0.922852 0.024414 0.017578
0 0.338867 0.956055 0.021484 0.015625
0 0.370605 0.973633 0.016602 0.017578
0 0.406738 0.950684 0.018555 0.016602
0 0.437988 0.969238 0.022461 0.016602
0 0.336725 0.990095 0.034326 0.019811
0 0.410058 0.990095 0.027802 0.019811
0 0.473633 0.982910 0.015625 0.022461
0 0.477051 0.940918 0.024414 0.030273
0 0.504883 0.965820 0.013672 0.025391
0 0.540527 0.964355 0.016602 0.016602
0 0.585449 0.968750 0.018555 0.013672
0 0.565804 0.939622 0.026667 0.022695
0 0.699707 0.034668 0.051758 0.036133
0 0.675781 0.166504 0.029297 0.026367
0 0.613770 0.187500 0.024414 0.029297
0 0.585449 0.232422 0.018555 0.025391
0 0.618652 0.253418 0.026367 0.022461
0 0.583984 0.272461 0.017578 0.025391
0 0.678711 0.292969 0.033203 0.031250
0 0.751953 0.401367 0.021484 0.029297
0 0.708496 0.391602 0.028320 0.021484
0 0.668457 0.424316 0.036133 0.032227
0 0.619629 0.467773 0.030273 0.029297
0 0.769531 0.499023 0.035156 0.025391
0 0.644531 0.539062 0.035156 0.035156
0 0.601074 0.523926 0.032227 0.030273
0 0.610840 0.566895 0.024414 0.028320
0 0.622070 0.619629 0.031250 0.030273
0 0.664551 0.582031 0.034180 0.029297
0 0.770508 0.635742 0.027344 0.025391
0 0.821777 0.634766 0.028320 0.023438
0 0.631836 0.669434 0.027344 0.032227
0 0.611328 0.714844 0.029297 0.027344
0 0.655273 0.732422 0.025391 0.035156
0 0.730469 0.730957 0.031250 0.038086
0 0.767090 0.697266 0.028320 0.027344
0 0.805176 0.672852 0.024414 0.015625
0 0.622559 0.774902 0.030273 0.032227
0 0.721191 0.793457 0.028320 0.018555
0 0.763184 0.762695 0.024414 0.021484
0 0.789062 0.735840 0.025391 0.026367
0 0.834473 0.744629 0.028320 0.022461
0 0.804199 0.783691 0.022461 0.030273
0 0.765625 0.808594 0.029297 0.027344
0 0.706055 0.845703 0.021484 0.021484
0 0.615723 0.840820 0.024414 0.023438
0 0.645095 0.852217 0.025816 0.030922
0 0.613889 0.887962 0.034894 0.026383
0 0.664953 0.886827 0.032624 0.029220
0 0.699847 0.891224 0.035461 0.028936
0 0.755308 0.837937 0.032908 0.027802
0 0.619988 0.938583 0.036880 0.031490
0 0.633889 0.984823 0.031773 0.030353
0 0.791762 0.927944 0.032057 0.025532
0 0.679847 0.989416 0.031206 0.019007
0 0.570201 0.994921 0.025248 0.010158
0 0.857422 0.153809 0.029297 0.028320
0 0.864746 0.232422 0.028320 0.025391
0 0.872559 0.307617 0.028320 0.029297
0 0.911621 0.321289 0.028320 0.031250
0 0.989050 0.308161 0.021900 0.032624
0 0.991603 0.342488 0.016793 0.022979
0 0.881348 0.354980 0.030273 0.024414
0 0.884277 0.396484 0.018555 0.031250
0 0.962402 0.359375 0.016602 0.021484
0 0.989759 0.386967 0.020481 0.039433
0 0.852051 0.423828 0.028320 0.023438
0 0.843750 0.458984 0.027344 0.021484
0 0.881836 0.459473 0.023438 0.016602
0 0.908691 0.431152 0.018555 0.024414
0 0.893066 0.510742 0.034180 0.035156
0 0.988281 0.490234 0.021484 0.029297
0 0.871859 0.549109 0.032057 0.035177
0 0.871094 0.647949 0.027344 0.024414
0 0.852051 0.687988 0.032227 0.016602
0 0.910156 0.675293 0.031250 0.022461
0 0.947754 0.636230 0.026367 0.026367
0 0.987915 0.668454 0.024169 0.034326
0 0.961914 0.707520 0.023438 0.024414
0 0.988199 0.715986 0.023602 0.036880
0 0.885254 0.776855 0.022461 0.024414
0 0.974121 0.791016 0.026367 0.037109
0 0.983944 0.748206 0.032113 0.022695
0 0.914554 0.799554 0.036880 0.037447
0 0.844238 0.865723 0.030273 0.022461
0 0.890137 0.856934 0.024414 0.028320
0 0.940918 0.833496 0.024414 0.028320
0 0.985352 0.842773 0.027344 0.029297
0 0.938477 0.877441 0.031250 0.028320
0 0.893555 0.905273 0.023438 0.021484
0 0.847656 0.922852 0.027344 0.029297
0 0.812988 0.971680 0.026367 0.025391
0 0.884078 0.981668 0.037688 0.034710
0 0.869646 0.977697 0.034213 0.042653
0 0.927036 0.987831 0.023263 0.024339
0 0.946777 0.922852 0.024414 0.029297
0 0.967773 0.968750 0.044922 0.025391
0 0.908738 0.947859 0.035461 0.023830
0 0.987793 0.889160 0.022461 0.030273
0 0.577287 0.370752 0.026808 0.037531
