0 0.224354 0.251616 0.051868 0.037588
0 0.835171 0.056463 0.053274 0.064042
0 0.315987 0.864077 0.048828 0.069710
0 0.700365 0.187159 0.046314 0.058820
0 0.877110 0.483790 0.055541 0.079911
0 0.819691 0.269248 0.047962 0.063532
0 0.537062 0.810803 0.056675 0.042506
0 0.543013 0.231021 0.044773 0.074244
0 0.913272 0.114216 0.059163 0.052817
0 0.725222 0.053346 0.052141 0.052141
0 0.614310 0.145754 0.038198 0.066820
0 0.525236 0.877869 0.056524 0.044394
0 0.933785 0.197299 0.044206 0.063476
0 0.885045 0.940495 0.069143 0.042320
0 0.825820 0.182281 0.030038 0.066309
0 0.592710 0.792384 0.041727 0.062342
0 0.960238 0.874736 0.059976 0.081311
0 0.737364 0.994935 0.032779 0.008947
0 0.661029 0.945311 0.064701 0.042468
0 0.278648 0.666063 0.037360 0.066749
0 0.561043 0.541315 0.043640 0.055541
0 0.363921 0.474722 0.056108 0.073110
0 0.396071 0.541061 0.046890 0.023199
0 0.059370 0.735236 0.031621 0.024504
0 0.091671 0.329409 0.025549 0.044437
0 0.988948 0.701612 0.022104 0.073673
0 0.988252 0.410625 0.023116 0.059735
0 0.506838 0.018172 0.038913 0.036343
0 0.869848 0.990354 0.046428 0.019292
0 0.006946 0.875671 0.013528 0.035510
0 0.989562 0.253974 0.020875 0.057808
0 0.937752 0.970909 0.043073 0.043073
0 0.674498 0.991972 0.071977 0.016056
