0 0.142317 0.255023 0.025039 0.036894
0 0.441600 0.341827 0.028152 0.029923
0 0.399059 0.324746 0.039767 0.026648
0 0.055028 0.571054 0.033252 0.033148
0 0.348610 0.319384 0.035465 0.030480
0 0.434968 0.840252 0.034275 0.033831
0 0.280224 0.302199 0.045757 0.034657
0 0.571427 0.593893 0.034450 0.033781
0 0.184734 0.321020 0.027842 0.028913
0 0.016909 0.795676 0.032585 0.034513
0 0.865669 0.054734 0.032798 0.027434
0 0.935455 0.235870 0.019491 0.020815
0 0.568997 0.380142 0.032674 0.025182
0 0.161912 0.400367 0.030157 0.033623
0 0.569203 0.849872 0.029345 0.033242
0 0.070906 0.284373 0.030163 0.032672
0 0.218151 0.336799 0.031271 0.030760
0 0.543813 0.895354 0.032713 0.032891
0 0.431254 0.889712 0.039924 0.021357
0 0.513047 0.308454 0.028728 0.026442
0 0.475781 0.371106 0.029755 0.030238
0 0.119384 0.440222 0.018354 0.020546
0 0.019650 0.616026 0.028891 0.026364
0 0.015466 0.239077 0.026721 0.024896
0 0.567568 0.801783 0.030633 0.028528
0 0.825551 0.876099 0.032574 0.032886
0 0.904948 0.983950 0.032124 0.032100
0 0.564493 0.526286 0.025862 0.031377
0 0.629658 0.358382 0.041378 0.041569
0 0.049961 0.245104 0.034786 0.026092
0 0.980077 0.497010 0.031947 0.037272
0 0.898947 0.218806 0.024576 0.024930
0 0.964039 0.890889 0.020258 0.019003
0 0.317521 0.361451 0.024499 0.032103
0 0.762313 0.191222 0.028723 0.039706
0 0.276548 0.340754 0.048999 0.029568
0 0.149404 0.295556 0.032948 0.027034
0 0.118146 0.313297 0.039706 0.030413
0 0.082665 0.321745 0.044775 0.025344
0 0.014657 0.291755 0.020275 0.043085
0 0.611092 0.316677 0.060826 0.032103
0 0.712892 0.231351 0.058292 0.025344
0 0.695151 0.267678 0.044775 0.027034
0 0.762313 0.233885 0.025344 0.033792
0 0.798640 0.215722 0.030413 0.027879
0 0.804554 0.172637 0.042240 0.027879
0 0.844682 0.158697 0.024499 0.030413
0 0.045493 0.342443 0.032948 0.039706
0 0.009863 0.345400 0.019726 0.030413
0 0.012545 0.382572 0.021120 0.035482
0 0.039579 0.384261 0.027879 0.037172
0 0.070787 0.378502 0.026177 0.036315
0 0.106742 0.348357 0.025344 0.022810
0 0.148178 0.336396 0.028978 0.047294
0 0.135887 0.372434 0.021120 0.035482
0 0.189955 0.359339 0.032948 0.024499
0 0.246135 0.366943 0.040551 0.016051
0 0.112233 0.398201 0.032948 0.027879
0 0.072884 0.419553 0.030413 0.040551
0 0.038734 0.420588 0.022810 0.032103
0 0.015354 0.461143 0.030708 0.042249
0 0.083087 0.455648 0.040551 0.029568
0 0.151937 0.459259 0.035482 0.030413
0 0.196714 0.448467 0.026189 0.038861
0 0.229661 0.430303 0.022810 0.048154
0 0.213187 0.393977 0.045620 0.029568
0 0.285419 0.374546 0.034637 0.029568
0 0.290910 0.415942 0.023655 0.036327
0 0.322590 0.399890 0.027879 0.034637
0 0.391020 0.386373 0.031258 0.046464
0 0.355960 0.409605 0.037172 0.030413
0 0.320056 0.437062 0.041396 0.032948
0 0.801174 0.316677 0.035482 0.038861
0 0.789347 0.273169 0.047309 0.034637
0 0.837923 0.200938 0.038016 0.032103
0 0.870871 0.181085 0.041396 0.032948
0 0.901284 0.151516 0.032948 0.034637
0 0.942257 0.149827 0.030413 0.038016
0 0.981963 0.124483 0.028723 0.027879
0 0.974930 0.167568 0.050139 0.024499
0 0.913956 0.025218 0.049844 0.030413
0 0.945637 0.020571 0.030413 0.031258
0 0.977739 0.012609 0.037172 0.025218
0 0.981541 0.044226 0.029568 0.027879
0 0.940990 0.060700 0.034637 0.040551
0 0.896215 0.072104 0.048154 0.024499
0 0.867492 0.087733 0.044775 0.020275
0 0.831587 0.108431 0.040551 0.024499
0 0.873828 0.121948 0.030413 0.024499
0 0.912267 0.103785 0.027879 0.025344
0 0.944792 0.096604 0.032103 0.027879
0 0.980844 0.080130 0.038312 0.025344
0 0.815958 0.233885 0.039706 0.035482
0 0.859044 0.241489 0.031258 0.035482
0 0.930852 0.190378 0.039706 0.031258
0 0.980274 0.205162 0.035482 0.033792
0 0.975627 0.246135 0.027879 0.036327
0 0.895370 0.261342 0.041396 0.027879
0 0.935076 0.276126 0.024499 0.033792
0 0.973093 0.284574 0.039706 0.027034
0 0.985490 0.317099 0.029019 0.029568
0 0.877629 0.292177 0.114049 0.055757
0 0.848061 0.320901 0.034637 0.035482
0 0.885233 0.338219 0.021120 0.038016
0 0.925361 0.341598 0.018586 0.046464
0 0.962543 0.339549 0.033771 0.035607
0 0.947749 0.315409 0.017741 0.039706
0 0.938678 0.378574 0.028325 0.036719
0 0.971969 0.382003 0.027034 0.027879
0 0.868337 0.366943 0.026189 0.031258
0 0.910577 0.373701 0.027879 0.022810
0 0.827363 0.357650 0.027034 0.031258
0 0.775830 0.372011 0.042240 0.046464
0 0.828208 0.391442 0.035482 0.027879
0 0.877629 0.402425 0.022810 0.032948
0 0.920292 0.410450 0.027034 0.038861
0 0.952219 0.413451 0.033191 0.033452
0 0.988870 0.413407 0.022261 0.029568
0 0.844260 0.437062 0.047309 0.031258
0 0.039579 0.487328 0.054913 0.025344
0 0.017192 0.516896 0.028723 0.025344
0 0.052674 0.520698 0.032103 0.026189
0 0.087733 0.500000 0.034637 0.042240
0 0.127439 0.485638 0.026189 0.038861
0 0.176861 0.492819 0.042240 0.026189
0 0.091957 0.541396 0.041396 0.027034
0 0.129974 0.525767 0.041396 0.024499
0 0.167820 0.533222 0.025344 0.028723
0 0.228816 0.475923 0.024499 0.032948
0 0.218679 0.504646 0.038016 0.032948
0 0.263031 0.448467 0.038861 0.025344
0 0.263454 0.490707 0.041396 0.027034
0 0.304004 0.468320 0.034637 0.022810
0 0.014657 0.562938 0.025344 0.036327
0 0.104207 0.591239 0.033792 0.032103
0 0.135043 0.558714 0.039706 0.024499
0 0.172214 0.575188 0.029568 0.030413
0 0.202627 0.543930 0.032948 0.032103
0 0.249514 0.525344 0.045620 0.032103
0 0.295979 0.508026 0.047309 0.029568
0 0.065346 0.635169 0.050689 0.028723
0 0.010433 0.658824 0.016896 0.038861
0 0.052251 0.691772 0.048154 0.032103
0 0.098716 0.666427 0.034637 0.045620
0 0.103785 0.623342 0.034637 0.027034
0 0.140956 0.603067 0.031258 0.025344
0 0.013242 0.711625 0.026485 0.041396
0 0.032821 0.738236 0.036327 0.030413
0 0.080553 0.740770 0.032103 0.032103
0 0.058165 0.774985 0.029568 0.027879
0 0.024373 0.864535 0.038016 0.029568
0 0.021838 0.896215 0.038016 0.025344
0 0.021838 0.938033 0.038016 0.032948
0 0.019726 0.978584 0.028723 0.031258
0 0.061122 0.805398 0.037172 0.021120
0 0.059855 0.841725 0.031258 0.027879
0 0.061544 0.882698 0.039706 0.028723
0 0.056898 0.921560 0.025344 0.028723
0 0.113078 0.716693 0.032948 0.027879
0 0.118146 0.756399 0.038016 0.019431
0 0.092380 0.778364 0.030413 0.029568
0 0.099983 0.815958 0.030413 0.030413
0 0.129974 0.788502 0.027879 0.032948
0 0.161232 0.771606 0.027879 0.032948
0 0.153628 0.727254 0.039706 0.028723
0 0.143214 0.685806 0.042655 0.031064
0 0.150400 0.642919 0.050537 0.028746
0 0.171508 0.614173 0.040800 0.027818
0 0.206269 0.585660 0.028746 0.031064
0 0.240115 0.568737 0.030600 0.038946
0 0.284624 0.544164 0.031528 0.036164
0 0.210674 0.630864 0.034773 0.031528
0 0.180073 0.661928 0.032918 0.020400
0 0.187028 0.696933 0.031991 0.028282
0 0.215774 0.673751 0.035700 0.033846
0 0.250778 0.648019 0.029673 0.031528
0 0.245678 0.607914 0.031528 0.032918
0 0.281379 0.585196 0.025037 0.031991
0 0.319629 0.565723 0.024573 0.029209
0 0.312443 0.600032 0.030600 0.030137
0 0.279292 0.621592 0.028282 0.028746
0 0.188882 0.737038 0.037555 0.023182
0 0.192592 0.786416 0.032918 0.034773
0 0.155500 0.807743 0.031991 0.032918
0 0.123509 0.829303 0.029209 0.033382
0 0.098472 0.851094 0.031064 0.026891
0 0.120264 0.880767 0.033846 0.029673
0 0.095922 0.910904 0.030600 0.031528
0 0.131503 0.926754 0.025275 0.026718
0 0.082245 0.946372 0.021791 0.038482
0 0.108673 0.956109 0.022718 0.037555
0 0.062721 0.985448 0.038019 0.020864
0 0.103741 0.992399 0.031991 0.018623
0 0.138556 0.992075 0.028746 0.022255
0 0.162455 0.950545 0.036628 0.030137
0 0.173582 0.914149 0.041264 0.026891
0 0.178219 0.874971 0.037555 0.027355
0 0.141823 0.848312 0.036164 0.019473
0 0.185318 0.845317 0.018446 0.033088
0 0.245447 0.836953 0.039409 0.035700
0 0.216469 0.847385 0.039873 0.033382
0 0.208819 0.900008 0.031064 0.022718
0 0.234087 0.884708 0.041728 0.024573
0 0.200010 0.933854 0.033846 0.024573
0 0.195373 0.971409 0.039409 0.022718
0 0.231537 0.958890 0.040337 0.019009
0 0.236406 0.925972 0.034309 0.030137
0 0.279482 0.874418 0.035356 0.039455
0 0.273846 0.920534 0.035356 0.041505
0 0.313301 0.906443 0.029207 0.032794
0 0.314838 0.951022 0.028182 0.043042
0 0.276408 0.977154 0.018959 0.031769
0 0.247457 0.989602 0.027670 0.020796
0 0.225424 0.757334 0.035868 0.031769
0 0.243358 0.783979 0.036893 0.034843
0 0.263085 0.738887 0.030232 0.029719
0 0.245151 0.700713 0.096844 0.039455
0 0.282557 0.661002 0.021008 0.032794
0 0.309458 0.642043 0.035868 0.027670
0 0.346863 0.588753 0.018446 0.034843
0 0.357880 0.560315 0.029207 0.044579
0 0.328929 0.522910 0.036893 0.029207
0 0.363649 0.514890 0.028941 0.031614
0 0.338665 0.477562 0.024595 0.029719
0 0.393326 0.476274 0.023058 0.025620
0 0.356500 0.448302 0.027954 0.017495
0 0.415724 0.411407 0.062001 0.062001
0 0.438327 0.439901 0.024083 0.036381
0 0.299722 0.782954 0.067637 0.064563
0 0.356599 0.789871 0.030744 0.036381
0 0.314326 0.836756 0.043554 0.043042
0 0.346863 0.824459 0.035868 0.033819
0 0.388624 0.820616 0.033306 0.037405
0 0.397335 0.772706 0.032281 0.030744
0 0.362235 0.743499 0.025620 0.031769
0 0.379401 0.706350 0.033306 0.026133
0 0.338152 0.710449 0.034843 0.032281
0 0.302028 0.704300 0.027157 0.029207
0 0.315094 0.671506 0.008198 0.032281
0 0.326367 0.676374 0.022546 0.023571
0 0.349938 0.642300 0.023571 0.041505
0 0.385806 0.613605 0.021521 0.043554
0 0.359373 0.679924 0.030226 0.030226
0 0.338416 0.865041 0.041500 0.031125
0 0.379917 0.865041 0.034584 0.032509
0 0.353287 0.911037 0.040809 0.033200
0 0.350175 0.953921 0.020750 0.034584
0 0.385450 0.942162 0.019367 0.029050
0 0.334958 0.991140 0.041500 0.017721
0 0.375421 0.990794 0.031125 0.018413
0 0.421071 0.973633 0.032509 0.031125
0 0.434942 0.933931 0.024678 0.031948
0 0.482586 0.944585 0.027537 0.054449
0 0.459117 0.951782 0.030667 0.031292
0 0.448664 0.990108 0.027747 0.019784
0 0.525353 0.949838 0.026689 0.033753
0 0.503863 0.986400 0.030304 0.027201
0 0.472942 0.863388 0.036492 0.042194
0 0.518557 0.848564 0.041053 0.028509
0 0.527680 0.803519 0.041053 0.041053
0 0.470091 0.804659 0.035352 0.034211
0 0.441011 0.784133 0.029650 0.045615
0 0.486056 0.763606 0.030790 0.025088
0 0.470091 0.708298 0.023948 0.037632
0 0.427327 0.707728 0.027369 0.029650
0 0.406230 0.725974 0.021667 0.022807
0 0.416493 0.645007 0.044475 0.027369
0 0.459257 0.619349 0.025088 0.042194
0 0.430178 0.589129 0.023948 0.034211
0 0.403949 0.553207 0.028509 0.035352
0 0.446713 0.550926 0.022807 0.030790
0 0.506294 0.894220 0.038803 0.035048
0 0.451532 0.739948 0.036925 0.026912
0 0.402716 0.686125 0.038177 0.028163
0 0.485471 0.437887 0.028010 0.035479
0 0.467731 0.472899 0.029877 0.040147
0 0.421515 0.494373 0.019607 0.045749
0 0.457461 0.506044 0.028010 0.024275
0 0.506945 0.511179 0.029877 0.027076
0 0.480802 0.545724 0.022408 0.034545
0 0.482203 0.509311 0.023341 0.021474
0 0.467656 0.577722 0.033761 0.036921
0 0.503997 0.577515 0.037985 0.033151
0 0.489205 0.613414 0.026142 0.037346
0 0.477534 0.649827 0.034545 0.029877
0 0.447191 0.671301 0.024275 0.022408
0 0.513967 0.646489 0.035479 0.027076
0 0.508345 0.677370 0.036413 0.038280
0 0.530286 0.714249 0.039214 0.033612
0 0.527018 0.749728 0.030811 0.028010
0 0.549154 0.760418 0.024973 0.039431
0 0.565456 0.726939 0.030811 0.027076
0 0.590040 0.757198 0.029877 0.035479
0 0.572768 0.930391 0.025209 0.042015
0 0.562030 0.979408 0.035479 0.035479
0 0.597043 0.960268 0.017740 0.036413
0 0.618517 0.921988 0.019607 0.028943
0 0.596109 0.894445 0.023341 0.039214
0 0.626920 0.867369 0.036413 0.037346
0 0.615249 0.987837 0.044816 0.024327
0 0.471981 0.398103 0.035967 0.036659
0 0.502069 0.396028 0.022825 0.024208
0 0.526969 0.364557 0.033892 0.042884
0 0.522819 0.427845 0.021442 0.038042
0 0.515557 0.467962 0.022133 0.036659
0 0.544953 0.495975 0.024208 0.031817
0 0.547895 0.457274 0.029742 0.032509
0 0.598211 0.444791 0.026975 0.033200
0 0.558251 0.417106 0.029742 0.024208
0 0.601324 0.404674 0.029050 0.023517
0 0.639020 0.419545 0.025592 0.026975
0 0.583340 0.479029 0.034584 0.032509
0 0.612045 0.508425 0.035275 0.022133
0 0.602707 0.543008 0.034584 0.037350
0 0.527315 0.544392 0.033200 0.027667
0 0.522682 0.605846 0.038734 0.028359
0 0.581611 0.640880 0.039425 0.036659
0 0.626224 0.622551 0.037350 0.033200
0 0.619307 0.660938 0.037350 0.036659
0 0.540803 0.675463 0.026975 0.024208
0 0.572700 0.677660 0.034670 0.026180
0 0.609278 0.722843 0.033892 0.024900
0 0.618617 0.768911 0.033686 0.034801
0 0.609624 0.803768 0.037350 0.033200
0 0.624446 0.832057 0.033892 0.024208
0 0.630374 0.699672 0.030434 0.031125
0 0.671183 0.704514 0.034584 0.026975
0 0.643937 0.731170 0.033742 0.023570
0 0.667378 0.763997 0.026975 0.038042
0 0.646628 0.794777 0.022825 0.034584
0 0.668684 0.827261 0.029340 0.033525
0 0.657349 0.863944 0.030434 0.040117
0 0.649741 0.904406 0.026283 0.038042
0 0.640596 0.957525 0.037350 0.032509
0 0.683048 0.936271 0.030438 0.043120
0 0.676707 0.988216 0.039738 0.023568
0 0.700375 0.963220 0.031274 0.026424
0 0.691528 0.896128 0.034665 0.030438
0 0.694192 0.856308 0.033819 0.018601
0 0.715599 0.824667 0.041429 0.024519
0 0.689389 0.780702 0.038047 0.017755
0 0.729550 0.770556 0.043965 0.031283
0 0.696153 0.737159 0.031283 0.021983
0 0.738427 0.737159 0.026210 0.025365
0 0.751110 0.699112 0.029592 0.025365
0 0.716022 0.702071 0.038892 0.022828
0 0.693194 0.672057 0.030438 0.021983
0 0.736314 0.659797 0.035510 0.032974
0 0.661065 0.655147 0.030438 0.030438
0 0.696576 0.632319 0.035510 0.025365
0 0.666604 0.607053 0.034579 0.030635
0 0.630628 0.577362 0.032129 0.030438
0 0.672902 0.566793 0.033819 0.026210
0 0.640135 0.538467 0.036787 0.038886
0 0.672902 0.520714 0.023674 0.020292
0 0.688121 0.528324 0.032129 0.021983
0 0.719404 0.516910 0.025365 0.027901
0 0.652610 0.490700 0.030438 0.019446
0 0.620905 0.465335 0.038047 0.027901
0 0.665715 0.452653 0.031283 0.026210
0 0.708835 0.439970 0.029592 0.027901
0 0.691503 0.474635 0.027056 0.027901
0 0.730818 0.473367 0.026210 0.025365
0 0.743078 0.415029 0.032129 0.027056
0 0.759565 0.456457 0.029592 0.030438
0 0.790848 0.422638 0.041429 0.035510
0 0.755760 0.499155 0.030438 0.027901
0 0.784506 0.479708 0.021983 0.021137
0 0.747305 0.545656 0.035510 0.022828
0 0.706299 0.550306 0.031283 0.027056
0 0.706299 0.590890 0.027901 0.032129
0 0.746037 0.590467 0.036356 0.039738
0 0.738427 0.617945 0.036356 0.028747
0 0.783661 0.609068 0.025365 0.026210
0 0.762524 0.639505 0.028747 0.024519
0 0.782815 0.732509 0.027056 0.031283
0 0.772670 0.768865 0.030438 0.038047
0 0.743500 0.804798 0.031283 0.037201
0 0.773092 0.818749 0.029592 0.032974
0 0.740118 0.846227 0.029592 0.032129
0 0.758296 0.868210 0.064257 0.045656
0 0.759565 0.910061 0.054957 0.034665
0 0.759138 0.958202 0.044036 0.041043
0 0.819594 0.947685 0.036356 0.027056
0 0.824244 0.976855 0.040583 0.036356
0 0.865250 0.960368 0.031283 0.032129
0 0.848763 0.918939 0.038892 0.037201
0 0.874128 0.877510 0.050729 0.038892
0 0.927665 0.883186 0.036658 0.024881
0 0.899915 0.922321 0.027901 0.037201
0 0.931178 0.920419 0.031283 0.028747
0 0.940076 0.946417 0.043965 0.027901
0 0.983023 0.924353 0.033656 0.023846
0 0.970159 0.989594 0.024019 0.019922
0 0.815789 0.829317 0.030438 0.033819
0 0.863982 0.823399 0.033819 0.038892
0 0.917248 0.840309 0.052420 0.027056
0 0.902029 0.804375 0.028747 0.032974
0 0.935849 0.797189 0.037201 0.043965
0 0.973050 0.785352 0.033819 0.040583
0 0.974741 0.829740 0.032129 0.036356
0 0.969245 0.740964 0.038047 0.039738
0 0.921475 0.753646 0.040583 0.027901
0 0.876242 0.762101 0.039738 0.027901
0 0.833545 0.775629 0.043965 0.029592
0 0.794504 0.791749 0.032798 0.031593
0 0.834390 0.724054 0.052420 0.032974
0 0.862714 0.700380 0.029592 0.032974
0 0.902875 0.700380 0.027056 0.044811
0 0.935849 0.674170 0.035510 0.029592
0 0.969193 0.696153 0.061615 0.044811
0 0.967132 0.644578 0.030438 0.026210
0 0.983143 0.617523 0.033714 0.032974
0 0.945572 0.612027 0.026210 0.027056
0 0.924857 0.645847 0.043965 0.023674
0 0.885119 0.667406 0.027056 0.029592
0 0.848763 0.653456 0.033819 0.021983
0 0.818383 0.671803 0.028859 0.023166
0 0.785352 0.677552 0.032129 0.022828
0 0.810105 0.634875 0.028747 0.023674
0 0.834285 0.615766 0.025365 0.027056
0 0.872437 0.601036 0.033819 0.033819
0 0.884697 0.622173 0.029592 0.025365
0 0.907102 0.598922 0.035510 0.027901
0 0.926126 0.562566 0.026210 0.026210
0 0.965018 0.571021 0.031283 0.024519
0 0.978969 0.535510 0.028747 0.026210
0 0.891038 0.555379 0.037201 0.027056
0 0.847495 0.565948 0.031283 0.026210
0 0.809448 0.581167 0.034665 0.024519
0 0.775948 0.559819 0.030056 0.024180
0 0.821285 0.546079 0.024519 0.025365
0 0.787043 0.524942 0.025365 0.027056
0 0.828895 0.506341 0.034665 0.027056
0 0.822976 0.466181 0.027901 0.032974
0 0.861446 0.474635 0.025365 0.038047
0 0.887656 0.441661 0.025365 0.038047
0 0.901184 0.479286 0.040583 0.030438
0 0.863137 0.521560 0.040583 0.028747
0 0.904566 0.516064 0.021983 0.031283
0 0.943458 0.522828 0.023674 0.029592
0 0.950645 0.477172 0.024519 0.027901
0 0.970687 0.456270 0.029808 0.023241
0 0.928239 0.449694 0.030438 0.030438
0 0.741374 0.338783 0.030250 0.023375
0 0.739139 0.278971 0.019594 0.029562
0 0.740344 0.377753 0.022395 0.028615
0 0.797801 0.141229 0.039510 0.024314
0 0.033691 0.269531 0.022461 0.027344
0 0.044132 0.307180 0.033849 0.027764
0 0.125141 0.910638 0.026242 0.024531
0 0.177521 0.827061 0.022629 0.027764
0 0.449131 0.933265 0.026052 0.030236
0 0.590260 0.688150 0.031377 0.023200
0 0.542719 0.324147 0.021108 0.037272
0 0.789890 0.925002 0.027574 0.023770
0 0.815277 0.790500 0.032328 0.033659
0 0.800349 0.712733 0.019587 0.025482
0 0.819311 0.691848 0.029665 0.022629
0 0.784986 0.571119 0.029856 0.023580
0 0.988897 0.962138 0.022205 0.026623
0 0.934533 0.722804 0.021869 0.033278
