0 0.198940 0.037446 0.046616 0.052243
0 0.427931 0.247012 0.042385 0.048918
0 0.015735 0.883170 0.023916 0.047284
0 0.821810 0.159021 0.039601 0.044373
0 0.836083 0.087556 0.028764 0.045330
0 0.019982 0.379857 0.036800 0.046006
0 0.128980 0.051082 0.044081 0.049070
0 0.724205 0.221747 0.032212 0.035807
0 0.232743 0.692563 0.036962 0.048052
0 0.563659 0.518457 0.048984 0.049782
0 0.148364 0.177531 0.040839 0.045956
0 0.438100 0.318771 0.054131 0.051239
0 0.486763 0.884736 0.033538 0.038160
0 0.833052 0.387684 0.039274 0.040404
0 0.218299 0.427026 0.052347 0.048824
0 0.661555 0.105417 0.034323 0.031018
0 0.898122 0.059294 0.040885 0.044033
0 0.230407 0.100614 0.055854 0.046216
0 0.745488 0.432261 0.033000 0.034178
0 0.257670 0.047004 0.041985 0.048311
0 0.299754 0.702958 0.042874 0.039468
0 0.222220 0.169707 0.042087 0.047564
0 0.391739 0.760594 0.032780 0.036149
0 0.446609 0.701200 0.033629 0.038113
0 0.705136 0.073060 0.040612 0.039062
0 0.522972 0.777029 0.029341 0.043160
0 0.660297 0.442050 0.041455 0.046432
0 0.319875 0.451637 0.042567 0.044564
0 0.361443 0.484234 0.039680 0.043196
0 0.119374 0.380248 0.028910 0.041060
0 0.548896 0.121892 0.041830 0.043357
0 0.603668 0.094302 0.035651 0.037668
0 0.920089 0.281985 0.031655 0.036027
0 0.041545 0.295759 0.027456 0.042148
0 0.780764 0.230410 0.033919 0.040850
0 0.021836 0.801230 0.038219 0.042861
0 0.244348 0.371495 0.030225 0.042947
0 0.367149 0.240912 0.046693 0.044531
0 0.059537 0.859870 0.041124 0.043521
0 0.760309 0.174749 0.033869 0.036696
0 0.680323 0.861972 0.039839 0.046574
0 0.735295 0.681844 0.047517 0.055068
0 0.550239 0.061703 0.044291 0.041529
0 0.437678 0.571913 0.052126 0.053073
0 0.739193 0.747230 0.051842 0.057535
0 0.341664 0.799604 0.038173 0.047126
0 0.171567 0.282061 0.038115 0.043716
0 0.900696 0.221594 0.052348 0.049009
0 0.184381 0.739125 0.030742 0.041046
0 0.385010 0.835895 0.028578 0.042340
0 0.302752 0.754761 0.041879 0.029787
0 0.454680 0.746676 0.032662 0.038566
0 0.655461 0.380965 0.036801 0.037189
0 0.430353 0.798310 0.048680 0.055838
0 0.702752 0.919354 0.048736 0.050304
0 0.135604 0.779916 0.034006 0.036666
0 0.890180 0.383192 0.048840 0.050589
0 0.593139 0.960980 0.032395 0.036496
0 0.061523 0.099908 0.040764 0.043893
0 0.531505 0.586544 0.039668 0.046797
0 0.457096 0.172949 0.052151 0.057123
0 0.353596 0.371016 0.048178 0.051543
0 0.172364 0.676708 0.046934 0.053482
0 0.650500 0.059910 0.030908 0.036362
0 0.847816 0.273086 0.040137 0.047015
0 0.967662 0.067076 0.057664 0.038449
0 0.532367 0.246889 0.051950 0.057625
0 0.649591 0.299556 0.049689 0.052528
0 0.164520 0.101980 0.037480 0.042846
0 0.586522 0.151720 0.033753 0.036094
0 0.584258 0.898457 0.030048 0.040590
0 0.349151 0.657911 0.053903 0.050713
0 0.065553 0.415716 0.040611 0.055973
0 0.576179 0.756242 0.047481 0.040861
0 0.084349 0.260658 0.032590 0.037437
0 0.563868 0.643514 0.034503 0.038671
0 0.836052 0.215893 0.034767 0.038990
0 0.979569 0.292241 0.040479 0.042550
0 0.635211 0.156430 0.039218 0.035765
0 0.838824 0.030294 0.049800 0.049543
0 0.678658 0.539318 0.039883 0.036360
0 0.739698 0.520997 0.042188 0.045950
0 0.084515 0.802116 0.032585 0.039417
0 0.339023 0.870560 0.049152 0.047809
0 0.513646 0.666295 0.032165 0.040167
0 0.738173 0.972020 0.056208 0.045977
0 0.384938 0.897272 0.034764 0.035778
0 0.714853 0.384284 0.033056 0.037634
0 0.384544 0.424326 0.030783 0.039734
0 0.118002 0.308524 0.042916 0.041021
0 0.399923 0.701088 0.038755 0.043652
0 0.724291 0.122358 0.030000 0.041798
0 0.627989 0.863761 0.034084 0.047056
0 0.628827 0.649225 0.031382 0.032905
0 0.507781 0.111125 0.051008 0.047104
0 0.590267 0.400346 0.040721 0.045380
0 0.769563 0.059079 0.034052 0.039324
0 0.088869 0.688102 0.046112 0.043038
0 0.549976 0.329113 0.051055 0.054457
0 0.638668 0.213697 0.047458 0.053236
0 0.450878 0.981671 0.032007 0.035055
0 0.319319 0.022706 0.041596 0.043314
0 0.088347 0.947338 0.031889 0.038519
0 0.101496 0.211694 0.040924 0.047576
0 0.710967 0.577894 0.032637 0.039603
0 0.591797 0.280576 0.051787 0.052212
0 0.935277 0.326174 0.030044 0.041504
0 0.130177 0.721913 0.035145 0.036508
0 0.501533 0.718128 0.033005 0.040224
0 0.592741 0.601531 0.048631 0.049351
0 0.694567 0.631530 0.031739 0.038531
0 0.702476 0.791990 0.049775 0.056726
0 0.053819 0.909578 0.029457 0.041431
0 0.397173 0.628209 0.049943 0.054849
0 0.645126 0.927528 0.029258 0.040320
0 0.188350 0.220682 0.042949 0.039470
0 0.057583 0.161743 0.040612 0.045090
0 0.294749 0.397398 0.034176 0.037447
0 0.684209 0.979440 0.032621 0.036115
0 0.288658 0.901857 0.053138 0.053388
0 0.568701 0.818062 0.028528 0.041968
0 0.021561 0.462146 0.043123 0.043219
0 0.278384 0.211416 0.047936 0.049997
0 0.237222 0.318207 0.043505 0.040198
0 0.965332 0.222652 0.030022 0.044853
0 0.593984 0.461749 0.029010 0.041944
0 0.519028 0.983927 0.033532 0.029392
0 0.018802 0.739748 0.037604 0.040523
0 0.620819 0.539348 0.043035 0.041207
0 0.373848 0.036355 0.035133 0.035042
0 0.673750 0.251085 0.035882 0.036243
0 0.113047 0.135406 0.028872 0.040851
0 0.040754 0.223612 0.041125 0.042490
0 0.686361 0.331095 0.034917 0.035466
0 0.784106 0.282031 0.032347 0.034066
0 0.607543 0.343833 0.034118 0.035928
0 0.555657 0.705223 0.033860 0.035977
0 0.013184 0.067383 0.026367 0.039062
0 0.060059 0.041504 0.034180 0.024414
0 0.008301 0.174805 0.016602 0.048828
0 0.231934 0.261719 0.026367 0.035156
0 0.298340 0.339844 0.022461 0.033203
0 0.297363 0.284668 0.028320 0.043945
0 0.070312 0.335449 0.037109 0.036133
0 0.178223 0.381836 0.028320 0.039062
0 0.171387 0.546875 0.034180 0.046875
0 0.243652 0.549316 0.026367 0.049805
0 0.084961 0.569336 0.042969 0.023438
0 0.013672 0.518555 0.027344 0.031250
0 0.011230 0.583984 0.022461 0.037109
0 0.050781 0.636719 0.023438 0.035156
0 0.023926 0.685059 0.040039 0.036133
0 0.099121 0.630371 0.034180 0.030273
0 0.008014 0.630221 0.016027 0.046241
0 0.084473 0.743652 0.030273 0.038086
0 0.228516 0.755371 0.035156 0.040039
0 0.263184 0.792969 0.038086 0.021484
0 0.012695 0.942871 0.025391 0.038086
0 0.044434 0.974609 0.028320 0.044922
0 0.192871 0.930664 0.028320 0.042969
0 0.290527 0.846680 0.024414 0.042969
0 0.326660 0.079102 0.034180 0.031250
0 0.413086 0.009277 0.027344 0.018555
0 0.316406 0.134766 0.027344 0.042969
0 0.369629 0.107422 0.043945 0.029297
0 0.414551 0.065430 0.028320 0.035156
0 0.454102 0.039062 0.031250 0.029297
0 0.487305 0.065430 0.031250 0.031250
0 0.513184 0.014160 0.036133 0.022461
0 0.529297 0.179199 0.035156 0.014648
0 0.457520 0.366699 0.024414 0.036133
0 0.437012 0.416504 0.028320 0.032227
0 0.486328 0.405762 0.046875 0.026367
0 0.532715 0.374512 0.026367 0.040039
0 0.538086 0.423340 0.033203 0.030273
0 0.424316 0.465332 0.028320 0.040039
0 0.477539 0.450195 0.025391 0.037109
0 0.524902 0.481445 0.026367 0.046875
0 0.459961 0.502441 0.037109 0.034180
0 0.315430 0.588867 0.037109 0.029297
0 0.508789 0.538574 0.023438 0.040039
0 0.475098 0.600098 0.036133 0.034180
0 0.464355 0.644043 0.026367 0.040039
0 0.612793 0.701660 0.028320 0.032227
0 0.349609 0.727051 0.027344 0.038086
0 0.482422 0.824707 0.023438 0.038086
0 0.625488 0.798828 0.036133 0.044922
0 0.536621 0.869141 0.030273 0.035156
0 0.334473 0.932129 0.028320 0.034180
0 0.432617 0.929199 0.027344 0.038086
0 0.485840 0.931152 0.034180 0.036133
0 0.546875 0.937500 0.039062 0.029297
0 0.387207 0.973145 0.030273 0.034180
0 0.632392 0.985663 0.045107 0.028675
0 0.660156 0.748047 0.031250 0.042969
0 0.669922 0.694824 0.025391 0.034180
0 0.652832 0.586426 0.032227 0.034180
0 0.702148 0.476562 0.031250 0.031250
0 0.720703 0.278809 0.027344 0.026367
0 0.744629 0.320312 0.026367 0.031250
0 0.776855 0.377930 0.032227 0.035156
0 0.814453 0.334473 0.025391 0.034180
0 0.800293 0.448730 0.026367 0.036133
0 0.795898 0.501465 0.031250 0.040039
0 0.687012 0.172852 0.024414 0.039062
0 0.778320 0.116699 0.023438 0.036133
0 0.728516 0.015625 0.027344 0.031250
0 0.608887 0.020020 0.026367 0.032227
0 0.674435 0.011588 0.044256 0.023175
0 0.785641 0.013715 0.034610 0.027431
0 0.956553 0.008609 0.049646 0.017218
0 0.900879 0.111816 0.028320 0.032227
0 0.961426 0.124023 0.030273 0.035156
0 0.885254 0.166016 0.040039 0.027344
0 0.947266 0.175781 0.027344 0.037109
0 0.878007 0.333698 0.030922 0.044823
