0 0.036907 0.711321 0.046252 0.040646
0 0.064049 0.356747 0.061566 0.047540
0 0.228733 0.871592 0.037778 0.049038
0 0.484853 0.930596 0.029448 0.042274
0 0.367868 0.912513 0.054818 0.032117
0 0.494168 0.500270 0.063968 0.036410
0 0.559538 0.870616 0.050040 0.036293
0 0.454136 0.866519 0.030008 0.043965
0 0.110848 0.178580 0.052174 0.052590
0 0.132817 0.837032 0.064421 0.029403
0 0.441261 0.802345 0.047302 0.048872
0 0.330561 0.781547 0.028584 0.049884
0 0.343855 0.986831 0.030131 0.026909
0 0.645930 0.681202 0.015052 0.027434
0 0.617778 0.966966 0.062790 0.032307
0 0.407288 0.661329 0.032494 0.038461
0 0.392623 0.712050 0.065103 0.048528
0 0.505390 0.816635 0.049249 0.045656
0 0.475449 0.623125 0.056169 0.039999
0 0.471253 0.748150 0.034665 0.050729
0 0.338512 0.366836 0.039738 0.047347
0 0.326675 0.012629 0.036356 0.025259
0 0.224371 0.015166 0.046502 0.030332
0 0.174487 0.015589 0.034665 0.031177
0 0.426020 0.547770 0.038892 0.033819
0 0.468717 0.566371 0.034665 0.030438
0 0.410378 0.575671 0.036356 0.033819
0 0.545825 0.720591 0.034327 0.037885
0 0.592769 0.716822 0.035886 0.035602
0 0.581196 0.754846 0.031341 0.037065
0 0.515219 0.764637 0.038047 0.031283
0 0.371909 0.374868 0.028747 0.048193
0 0.297929 0.986525 0.046502 0.026950
0 0.376136 0.759987 0.040583 0.049038
0 0.676096 0.672355 0.029230 0.024615
