0 0.258287 0.450416 0.041456 0.052113
0 0.737428 0.961487 0.054552 0.048798
0 0.907364 0.279101 0.058192 0.049355
0 0.563040 0.350895 0.048596 0.057517
0 0.039364 0.795155 0.053445 0.055417
0 0.927445 0.366794 0.054967 0.053890
0 0.211344 0.979337 0.044538 0.039129
0 0.860958 0.341597 0.058317 0.050234
0 0.410013 0.886155 0.053728 0.045813
0 0.614551 0.665998 0.050032 0.036230
0 0.528289 0.688426 0.037955 0.043131
0 0.067196 0.899440 0.041804 0.051089
0 0.987882 0.291676 0.024236 0.043083
0 0.303217 0.404227 0.034698 0.029129
0 0.291437 0.445350 0.043693 0.040266
0 0.574871 0.694465 0.048307 0.034505
