0 0.965989 0.641757 0.050140 0.043860
0 0.831729 0.488534 0.071494 0.047015
0 0.791937 0.143516 0.059625 0.054029
0 0.328279 0.453135 0.056506 0.032218
0 0.977913 0.323648 0.044173 0.042306
0 0.873851 0.131940 0.048144 0.050405
0 0.444786 0.728260 0.054138 0.036113
0 0.018781 0.909000 0.033143 0.031986
0 0.194245 0.576214 0.040624 0.029270
0 0.762936 0.272955 0.045839 0.052204
0 0.976146 0.423060 0.047709 0.051395
0 0.330280 0.180964 0.036928 0.034388
0 0.440343 0.288607 0.034807 0.030477
0 0.225172 0.744308 0.040040 0.021927
0 0.209442 0.763375 0.054341 0.023834
0 0.203434 0.018473 0.018581 0.014400
0 0.193098 0.077236 0.024852 0.020904
0 0.906738 0.918457 0.032227 0.036133
