0 0.831245 0.152096 0.057965 0.053658
0 0.091322 0.042121 0.054350 0.052187
0 0.058682 0.240338 0.061189 0.053191
0 0.179113 0.979683 0.037620 0.039500
0 0.256455 0.072669 0.044545 0.032081
0 0.597778 0.079531 0.050222 0.045737
0 0.051592 0.818355 0.040295 0.027997
0 0.692612 0.113612 0.058291 0.052397
0 0.413271 0.759616 0.060500 0.042302
0 0.091594 0.721647 0.070080 0.049157
0 0.567353 0.242287 0.041608 0.033090
0 0.756587 0.030478 0.030585 0.030951
0 0.643278 0.603389 0.051869 0.044010
0 0.229980 0.467773 0.026367 0.029297
0 0.241495 0.094130 0.031144 0.024261
