0 0.299833 0.536791 0.044587 0.037416
0 0.901936 0.649720 0.037574 0.037020
0 0.544922 0.300184 0.038868 0.025327
0 0.319635 0.342971 0.039728 0.036863
0 0.595345 0.523839 0.036097 0.041919
0 0.612079 0.430939 0.033768 0.048905
0 0.916060 0.423027 0.026599 0.026599
0 0.845400 0.620030 0.025442 0.024864
0 0.530090 0.765513 0.028333 0.032959
0 0.952649 0.916654 0.027458 0.025091
0 0.920930 0.926833 0.028405 0.024618
0 0.186912 0.103067 0.025599 0.023482
0 0.073350 0.010151 0.029834 0.020302
0 0.188894 0.567032 0.015398 0.032144
0 0.831689 0.030580 0.028102 0.020018
0 0.069945 0.305536 0.022822 0.029725
