0 0.954217 0.183204 0.025106 0.040092
0 0.943554 0.761455 0.038784 0.025430
0 0.796852 0.512126 0.037345 0.030262
0 0.807333 0.791195 0.031682 0.034140
0 0.925393 0.596603 0.021708 0.036662
0 0.760506 0.722860 0.023530 0.041635
0 0.770966 0.848482 0.031872 0.030715
0 0.836959 0.438918 0.032610 0.034001
0 0.761482 0.601206 0.034511 0.031085
0 0.892677 0.348755 0.029410 0.027081
0 0.788354 0.664004 0.028193 0.029792
0 0.877615 0.523343 0.023398 0.036526
0 0.974052 0.386459 0.022046 0.036172
0 0.757314 0.248678 0.028897 0.033639
0 0.215970 0.675578 0.036757 0.036275
0 0.791412 0.369332 0.034233 0.031512
0 0.801092 0.973343 0.030800 0.029423
0 0.902807 0.848944 0.022938 0.032216
0 0.320381 0.874178 0.033101 0.027127
0 0.748048 0.810344 0.031577 0.029772
0 0.256989 0.920865 0.031008 0.035502
0 0.791466 0.120362 0.032824 0.031387
0 0.209811 0.798273 0.032032 0.018949
0 0.787475 0.286330 0.030501 0.030995
0 0.788957 0.185824 0.026075 0.024647
0 0.986430 0.268922 0.027139 0.028358
0 0.396171 0.516157 0.031452 0.029784
0 0.750135 0.917775 0.032443 0.032832
0 0.744482 0.537512 0.020857 0.043550
0 0.720606 0.719585 0.029121 0.035966
0 0.309696 0.776391 0.038232 0.029856
0 0.783304 0.081130 0.023625 0.029199
0 0.339049 0.073456 0.033167 0.030543
0 0.180329 0.985815 0.027741 0.025020
0 0.710396 0.834263 0.028325 0.032217
0 0.222074 0.745519 0.017254 0.023645
0 0.498972 0.842142 0.017893 0.014698
0 0.396725 0.567417 0.025562 0.038343
0 0.358382 0.624611 0.021728 0.026201
0 0.242715 0.609594 0.015337 0.026840
0 0.432112 0.944724 0.008054 0.011692
0 0.505510 0.958884 0.015589 0.015589
0 0.555135 0.955766 0.011432 0.017668
0 0.403922 0.789821 0.017148 0.012731
0 0.398986 0.772024 0.016109 0.013510
0 0.360840 0.184570 0.016602 0.021484
0 0.374917 0.123910 0.011990 0.019748
0 0.486987 0.260587 0.023560 0.016706
0 0.571428 0.223736 0.013395 0.013552
0 0.366609 0.019978 0.035850 0.024864
0 0.252784 0.010747 0.015046 0.011284
0 0.204191 0.989709 0.017162 0.020583
0 0.457337 0.293515 0.028446 0.034794
0 0.521000 0.386329 0.014811 0.016927
0 0.727656 0.866205 0.016502 0.023483
0 0.692114 0.913489 0.026022 0.028561
0 0.717184 0.985146 0.023483 0.029707
0 0.733701 0.755388 0.019380 0.014341
0 0.756337 0.989420 0.029458 0.021160
0 0.130362 0.011196 0.031783 0.019768
0 0.211438 0.817366 0.031318 0.019891
0 0.801270 0.010254 0.018555 0.020508
0 0.832520 0.043457 0.028320 0.018555
0 0.708265 0.533886 0.038513 0.022007
0 0.725617 0.455803 0.026663 0.025816
