0 0.730445 0.668444 0.080301 0.050181
0 0.737665 0.818023 0.078432 0.056674
0 0.100259 0.448597 0.072271 0.048452
0 0.880875 0.580101 0.072942 0.051998
0 0.882465 0.737174 0.077300 0.065690
0 0.435248 0.836021 0.068225 0.049380
0 0.378110 0.453097 0.072617 0.049298
0 0.061557 0.562698 0.050684 0.054447
0 0.415702 0.601849 0.063503 0.053422
0 0.741428 0.509191 0.041252 0.034744
0 0.472439 0.688332 0.071936 0.051463
0 0.878204 0.887959 0.079819 0.053170
0 0.279736 0.937308 0.056665 0.050630
0 0.227538 0.429708 0.059647 0.061676
0 0.309095 0.799897 0.048519 0.052012
0 0.982744 0.600261 0.033412 0.037850
0 0.032020 0.783424 0.053433 0.045034
0 0.342976 0.928615 0.055229 0.061153
0 0.330840 0.690822 0.057986 0.051140
0 0.014262 0.717223 0.028523 0.037585
0 0.017326 0.503046 0.034653 0.037585
0 0.980895 0.799448 0.038211 0.059558
