0 0.328946 0.157005 0.057137 0.075966
0 0.463686 0.097398 0.077850 0.050510
0 0.154417 0.357112 0.068634 0.056107
0 0.540946 0.399311 0.057744 0.055777
0 0.207165 0.480652 0.063385 0.058564
0 0.367586 0.471124 0.079540 0.060498
0 0.235082 0.254089 0.045081 0.042311
0 0.962975 0.389371 0.059257 0.049063
0 0.831279 0.147128 0.057783 0.036624
0 0.657292 0.338587 0.063740 0.048275
0 0.416067 0.221591 0.050537 0.042210
0 0.734430 0.109970 0.063998 0.052641
0 0.059868 0.242897 0.057715 0.056797
0 0.633598 0.636483 0.068380 0.035853
0 0.801913 0.408921 0.051714 0.047611
0 0.796616 0.312271 0.036467 0.041061
0 0.491881 0.944950 0.070624 0.053817
0 0.482718 0.664834 0.056956 0.050837
0 0.529620 0.570804 0.065419 0.052720
0 0.844956 0.216096 0.054758 0.030689
0 0.691421 0.391815 0.053968 0.051286
0 0.758139 0.616751 0.049675 0.068981
0 0.231904 0.979062 0.070230 0.041876
0 0.227998 0.804822 0.080842 0.032813
0 0.112291 0.695368 0.044717 0.054946
0 0.265305 0.681459 0.045049 0.044198
0 0.410784 0.590740 0.046517 0.074944
0 0.441587 0.602367 0.033467 0.039630
0 0.017757 0.663251 0.035515 0.051234
0 0.133326 0.627736 0.041919 0.054728
0 0.223482 0.768825 0.059438 0.036467
0 0.384277 0.943848 0.053711 0.051758
0 0.365723 0.976074 0.040039 0.045898
0 0.397949 0.983887 0.040039 0.030273
0 0.423707 0.779529 0.031008 0.025855
0 0.427791 0.807158 0.031250 0.025391
0 0.227051 0.710938 0.034180 0.025391
0 0.144345 0.709961 0.026704 0.019813
0 0.792050 0.120489 0.018951 0.029288
0 0.816313 0.120345 0.024981 0.018664
0 0.807383 0.333088 0.039051 0.037903
0 0.608061 0.686040 0.016738 0.024681
