0 0.670282 0.598641 0.029208 0.031076
0 0.939623 0.649551 0.027910 0.027557
0 0.250378 0.711766 0.033532 0.026137
0 0.136476 0.822224 0.030612 0.023974
0 0.259847 0.085117 0.018095 0.019882
0 0.910800 0.281838 0.031390 0.029374
0 0.554860 0.838203 0.041773 0.023579
0 0.982577 0.900033 0.030801 0.026796
0 0.230623 0.994130 0.027637 0.009843
0 0.407663 0.644617 0.028582 0.028685
0 0.683787 0.370825 0.028065 0.025945
0 0.115885 0.458067 0.037459 0.028284
0 0.157734 0.245746 0.030518 0.022069
0 0.898438 0.729081 0.017536 0.025602
0 0.924427 0.717984 0.029789 0.032693
0 0.892683 0.412073 0.029211 0.026412
0 0.740955 0.890085 0.026429 0.023338
0 0.781010 0.539732 0.022254 0.021235
0 0.646527 0.737784 0.024836 0.026259
0 0.007313 0.917613 0.014626 0.030916
0 0.743693 0.842489 0.027120 0.021012
0 0.223401 0.951227 0.021695 0.021055
0 0.819791 0.593450 0.029931 0.026046
0 0.142293 0.842285 0.028368 0.039980
0 0.233181 0.780838 0.028379 0.031468
0 0.372002 0.916374 0.020367 0.016764
0 0.152889 0.971965 0.029299 0.021134
0 0.832074 0.220584 0.027856 0.022540
0 0.191895 0.853516 0.014648 0.011719
0 0.055176 0.988281 0.018555 0.021484
0 0.102055 0.992036 0.019380 0.013566
0 0.183936 0.996901 0.022672 0.005989
0 0.973567 0.826275 0.027005 0.025602
0 0.857130 0.578845 0.031915 0.018939
0 0.759105 0.579371 0.031564 0.022796
0 0.612790 0.346182 0.010078 0.011628
0 0.400609 0.191789 0.016942 0.015145
