0 0.136057 0.876861 0.013545 0.029388
0 0.599685 0.357851 0.014049 0.028558
0 0.742607 0.359372 0.014810 0.029853
0 0.909643 0.308323 0.011395 0.026514
0 0.206213 0.751584 0.013506 0.034486
0 0.946604 0.287236 0.014032 0.028430
0 0.676993 0.318891 0.011383 0.025720
0 0.971068 0.260845 0.011594 0.026451
0 0.770012 0.851032 0.016735 0.028331
0 0.523026 0.402256 0.012791 0.028693
0 0.854852 0.781874 0.012691 0.030960
0 0.816042 0.897442 0.013381 0.026352
0 0.729506 0.969183 0.010848 0.024572
0 0.855376 0.875330 0.013989 0.027081
0 0.744521 0.976846 0.010853 0.025496
0 0.683025 0.605856 0.012122 0.030158
0 0.118232 0.900472 0.016245 0.037060
0 0.922026 0.503429 0.014051 0.030096
0 0.502459 0.435507 0.016757 0.035905
0 0.672981 0.989502 0.012130 0.021198
0 0.780743 0.931020 0.011092 0.026630
0 0.531775 0.517309 0.014070 0.026182
0 0.926577 0.334528 0.011240 0.016869
0 0.927736 0.276543 0.013324 0.024350
0 0.587608 0.972479 0.012236 0.031275
0 0.828607 0.279786 0.015593 0.024484
0 0.503049 0.484873 0.009849 0.021573
0 0.879783 0.315520 0.008294 0.019035
0 0.863533 0.282785 0.011280 0.023606
0 0.651171 0.965355 0.010206 0.022231
0 0.214874 0.823205 0.019260 0.034976
0 0.258755 0.791386 0.021107 0.032885
0 0.761809 0.454492 0.011663 0.024975
0 0.893957 0.701673 0.013605 0.026910
0 0.880170 0.292101 0.009119 0.023242
0 0.693898 0.322679 0.013857 0.026453
0 0.155561 0.911479 0.016182 0.024232
0 0.976545 0.634537 0.018123 0.023783
0 0.287614 0.863763 0.018574 0.027038
0 0.737857 0.688927 0.011171 0.023246
0 0.638544 0.359505 0.016047 0.033830
0 0.878807 0.844709 0.011723 0.026391
0 0.716100 0.605480 0.018244 0.022283
0 0.862810 0.317778 0.010450 0.021183
0 0.582233 0.504065 0.012519 0.028476
0 0.785531 0.322865 0.011403 0.022868
0 0.957399 0.698723 0.017770 0.036224
0 0.760522 0.950655 0.012734 0.024842
0 0.824389 0.823233 0.010812 0.022830
0 0.804854 0.307155 0.017393 0.023043
0 0.699687 0.483522 0.011199 0.020176
0 0.204918 0.888660 0.033773 0.044614
0 0.928185 0.304313 0.008756 0.021025
0 0.426832 0.498060 0.024042 0.055777
0 0.301432 0.606861 0.024144 0.036443
0 0.395119 0.530285 0.016595 0.034146
0 0.747581 0.931098 0.010183 0.025553
0 0.640969 0.482521 0.011543 0.026163
0 0.723345 0.487020 0.011314 0.024355
0 0.561865 0.393318 0.034826 0.052745
0 0.664215 0.941846 0.016167 0.022102
0 0.132776 0.946968 0.028293 0.038779
0 0.855136 0.691506 0.021258 0.021845
0 0.751189 0.327790 0.012977 0.026761
0 0.238160 0.680618 0.033178 0.038554
0 0.802483 0.779660 0.014721 0.022188
0 0.765972 0.344021 0.011396 0.025817
0 0.714887 0.316441 0.013723 0.024377
0 0.361141 0.520800 0.037944 0.044393
0 0.889803 0.818422 0.015731 0.023092
0 0.640485 0.621234 0.010229 0.025183
0 0.985291 0.295740 0.013490 0.027091
0 0.617661 0.491715 0.018863 0.019639
0 0.412421 0.481034 0.010309 0.025632
0 0.876125 0.784412 0.014176 0.029038
0 0.160146 0.852491 0.021374 0.032463
0 0.739423 0.470366 0.012607 0.016808
0 0.745214 0.431235 0.009994 0.020760
0 0.661558 0.381344 0.026733 0.034050
0 0.488887 0.487526 0.009504 0.019747
0 0.974166 0.321927 0.012924 0.020107
0 0.836634 0.774701 0.010103 0.025115
0 0.222725 0.714330 0.019130 0.031503
0 0.245704 0.717600 0.010726 0.034783
0 0.469728 0.433819 0.026789 0.053653
0 0.678998 0.350080 0.016253 0.021416
0 0.775657 0.308760 0.010391 0.024580
0 0.984699 0.241346 0.013111 0.026843
0 0.913338 0.357877 0.011510 0.025156
0 0.729637 0.445044 0.010343 0.018789
0 0.798289 0.369400 0.012702 0.020288
0 0.755182 0.384499 0.010714 0.017342
0 0.761884 0.407444 0.011703 0.022097
0 0.834306 0.880188 0.010872 0.018775
0 0.688875 0.658363 0.016891 0.020787
0 0.835738 0.854406 0.011256 0.021197
0 0.690868 0.442766 0.012302 0.012662
0 0.903455 0.266945 0.012237 0.022762
0 0.816339 0.774243 0.008962 0.020392
0 0.802849 0.346726 0.014400 0.016343
0 0.712342 0.985031 0.013539 0.021428
0 0.815676 0.729271 0.010452 0.023614
0 0.756504 0.688580 0.010694 0.026978
0 0.463157 0.473944 0.016403 0.017417
0 0.623770 0.977773 0.016511 0.020027
0 0.688377 0.396752 0.030541 0.044583
0 0.943027 0.338458 0.008845 0.015883
0 0.310477 0.566779 0.044108 0.043420
0 0.869388 0.351541 0.011867 0.025043
0 0.470156 0.523199 0.011400 0.018160
0 0.691387 0.991104 0.010580 0.014073
0 0.943175 0.317259 0.008872 0.015164
0 0.906152 0.754629 0.027453 0.040068
0 0.895035 0.353206 0.010838 0.016894
0 0.734552 0.931934 0.011395 0.022213
0 0.531357 0.991129 0.017035 0.013249
0 0.289254 0.643312 0.013932 0.040705
0 0.976165 0.351058 0.012433 0.027755
0 0.900064 0.333193 0.009349 0.016774
0 0.700551 0.962838 0.009871 0.019713
0 0.795633 0.915364 0.011800 0.021672
0 0.292776 0.708311 0.013309 0.044996
0 0.861389 0.828000 0.010876 0.016607
0 0.992502 0.341536 0.013783 0.019127
0 0.533912 0.967500 0.017987 0.017027
0 0.779701 0.388869 0.012038 0.016014
0 0.915338 0.611171 0.013380 0.019124
0 0.481531 0.504475 0.009190 0.018359
0 0.781515 0.359233 0.011028 0.021783
0 0.757371 0.991452 0.013389 0.016981
0 0.713790 0.442224 0.009612 0.019428
0 0.655749 0.989132 0.008904 0.017379
0 0.706315 0.457185 0.011865 0.012889
0 0.689390 0.463346 0.009750 0.014034
0 0.867685 0.810137 0.013076 0.013492
0 0.994322 0.662558 0.011471 0.037047
0 0.444675 0.587734 0.014609 0.019454
0 0.771505 0.377654 0.008432 0.016792
0 0.613931 0.918040 0.011320 0.023539
0 0.920680 0.250774 0.009389 0.018888
0 0.265903 0.661221 0.015042 0.047791
0 0.851210 0.841190 0.009612 0.017715
0 0.879421 0.293441 0.015552 0.030713
0 0.880227 0.415437 0.011366 0.023611
0 0.183653 0.809685 0.027652 0.044830
0 0.937023 0.356623 0.010056 0.019342
0 0.274788 0.666043 0.029011 0.045934
0 0.957696 0.326928 0.007741 0.014499
0 0.843831 0.311074 0.012255 0.017520
0 0.728179 0.446117 0.017302 0.028185
0 0.640845 0.991090 0.011835 0.014363
0 0.162553 0.800527 0.025610 0.035527
0 0.723323 0.904992 0.008819 0.022048
0 0.708763 0.448104 0.018408 0.029784
0 0.535002 0.430882 0.009132 0.017242
0 0.756225 0.390360 0.016390 0.038969
